	otu	otu_occ	otu_rel
1	OTU_5	1.000000000	2.918897e-01
2	OTU_365	1.000000000	1.860533e-01
3	OTU_2	1.000000000	1.534903e-01
4	OTU_194	1.000000000	7.455991e-02
5	OTU_8	1.000000000	5.950116e-02
6	OTU_36	1.000000000	3.787505e-02
7	OTU_22	1.000000000	1.785230e-02
8	OTU_6	0.983333333	1.716395e-02
9	OTU_7175	1.000000000	1.908794e-02
10	OTU_69	1.000000000	1.867533e-02
11	OTU_19	1.000000000	1.797502e-02
12	OTU_671	1.000000000	1.149890e-02
13	OTU_55	1.000000000	1.074151e-02
14	OTU_81	1.000000000	7.923812e-03
15	OTU_3459	1.000000000	4.234928e-03
16	OTU_4175	0.991666667	3.468354e-03
17	OTU_77	1.000000000	4.703017e-03
18	OTU_30	1.000000000	4.479454e-03
19	OTU_53	1.000000000	8.384923e-03
20	OTU_21	0.991666667	4.563639e-03
21	OTU_11360	1.000000000	2.964061e-03
22	OTU_136	0.716666667	6.466125e-03
23	OTU_200	0.800000000	1.501279e-03
24	OTU_25	0.933333333	3.025990e-03
25	OTU_843	0.450000000	2.234584e-03
26	OTU_37	0.825000000	1.390934e-03
27	OTU_39	0.908333333	2.407790e-03
28	OTU_15	1.000000000	1.295438e-03
29	OTU_4	0.991666667	1.277817e-03
30	OTU_13615	1.000000000	1.264018e-03
31	OTU_12	1.000000000	9.114177e-04
32	OTU_331	0.675000000	1.019803e-03
33	OTU_3	1.000000000	8.953688e-04
34	OTU_94	0.983333333	9.648013e-04
35	OTU_3415	0.633333333	1.144766e-03
36	OTU_1735	1.000000000	9.719746e-04
37	OTU_70	0.883333333	7.197480e-04
38	OTU_44	0.783333333	1.407703e-03
39	OTU_3691	1.000000000	8.915112e-04
40	OTU_13859	0.991666667	6.423495e-04
41	OTU_1423	0.858333333	6.463093e-04
42	OTU_7781	0.408333333	5.205334e-04
43	OTU_286	0.700000000	1.183874e-03
44	OTU_18	0.908333333	6.186808e-04
45	OTU_1	1.000000000	4.779736e-04
46	OTU_614	0.300000000	4.658323e-04
47	OTU_139	0.808333333	4.248422e-04
48	OTU_1199	0.308333333	3.252075e-04
49	OTU_11839	0.966666667	2.895549e-04
50	OTU_48	0.991666667	2.484298e-04
51	OTU_7	0.916666667	2.172952e-04
52	OTU_10	0.900000000	2.361375e-04
53	OTU_14	0.966666667	2.099481e-04
54	OTU_11889	0.900000000	2.623904e-04
55	OTU_12319	0.891666667	2.851744e-04
56	OTU_20	0.625000000	1.867467e-04
57	OTU_13	0.933333333	1.985816e-04
58	OTU_16	0.800000000	1.691170e-04
59	OTU_9437	0.475000000	1.203355e-04
60	OTU_8155	0.783333333	1.634857e-04
61	OTU_10588	0.816666667	1.560938e-04
62	OTU_28	0.883333333	1.419649e-04
63	OTU_9951	0.958333333	1.540958e-04
64	OTU_9	0.900000000	8.986539e-05
65	OTU_6375	0.508333333	1.033690e-04
66	OTU_45	0.791666667	1.672391e-04
67	OTU_10916	0.441666667	1.642185e-04
68	OTU_9006	0.983333333	1.126618e-04
69	OTU_31	0.950000000	1.107193e-04
70	OTU_385	0.866666667	7.799924e-05
71	OTU_5226	0.958333333	1.649648e-04
72	OTU_12309	0.991666667	9.044341e-05
73	OTU_11363	0.741666667	9.854351e-05
74	OTU_4223	0.858333333	8.990528e-05
75	OTU_7904	0.283333333	1.009216e-04
76	OTU_119	0.766666667	7.624729e-05
77	OTU_2454	0.350000000	7.827774e-05
78	OTU_1979	0.300000000	8.034261e-05
79	OTU_11849	0.666666667	1.146296e-04
80	OTU_12398	0.833333333	6.446353e-05
81	OTU_26	0.691666667	5.748151e-05
82	OTU_167	0.283333333	6.771638e-05
83	OTU_141	0.691666667	7.643750e-05
84	OTU_954	0.658333333	7.086849e-05
85	OTU_754	0.316666667	3.758143e-05
86	OTU_2249	0.275000000	3.603893e-05
87	OTU_78	0.841666667	5.957617e-05
88	OTU_1481	0.216666667	5.719271e-05
89	OTU_13029	0.766666667	5.657094e-05
90	OTU_50	0.566666667	4.985310e-05
91	OTU_295	0.400000000	5.611012e-05
92	OTU_8173	0.366666667	3.657696e-05
93	OTU_936	0.408333333	5.461683e-05
94	OTU_7250	0.583333333	2.869178e-05
95	OTU_12279	0.825000000	4.477777e-05
96	OTU_17	0.708333333	4.257144e-05
97	OTU_321	0.883333333	4.244796e-05
98	OTU_143	0.625000000	6.459194e-05
99	OTU_176	0.608333333	5.196453e-05
100	OTU_4895	0.716666667	4.986237e-05
101	OTU_408	0.883333333	3.983736e-05
102	OTU_2402	0.266666667	3.222302e-05
103	OTU_24	0.866666667	3.950477e-05
104	OTU_32	0.783333333	3.701556e-05
105	OTU_5204	0.391666667	3.538669e-05
106	OTU_162	0.466666667	3.991913e-05
107	OTU_59	0.633333333	4.112524e-05
108	OTU_2935	0.750000000	2.967769e-05
109	OTU_5605	0.658333333	3.912007e-05
110	OTU_5608	0.750000000	2.062010e-05
111	OTU_2558	0.500000000	3.108916e-05
112	OTU_72	0.500000000	2.224405e-05
113	OTU_6626	0.658333333	2.497029e-05
114	OTU_11	0.841666667	2.829468e-05
115	OTU_1597	0.700000000	3.362772e-05
116	OTU_11824	0.633333333	2.768110e-05
117	OTU_1473	0.325000000	1.960793e-05
118	OTU_1159	0.675000000	2.336204e-05
119	OTU_61	0.850000000	2.235059e-05
120	OTU_99	0.591666667	1.962050e-05
121	OTU_4500	0.225000000	2.114270e-05
122	OTU_1888	0.316666667	1.821138e-05
123	OTU_379	0.425000000	3.352687e-05
124	OTU_27	0.758333333	2.149095e-05
125	OTU_304	0.391666667	1.504845e-05
126	OTU_1015	0.516666667	1.399309e-05
127	OTU_9422	0.441666667	1.364046e-05
128	OTU_4833	0.666666667	1.469479e-05
129	OTU_13647	0.266666667	1.415235e-05
130	OTU_90	0.700000000	1.875101e-05
131	OTU_4174	0.375000000	1.161783e-05
132	OTU_135	0.683333333	1.876488e-05
133	OTU_9435	0.633333333	1.414917e-05
134	OTU_42	0.616666667	1.164443e-05
135	OTU_87	0.441666667	1.025639e-05
136	OTU_461	0.175000000	8.724613e-06
137	OTU_5495	0.391666667	1.198735e-05
138	OTU_2095	0.550000000	1.032748e-05
139	OTU_98	0.608333333	1.245911e-05
140	OTU_550	0.300000000	1.465303e-05
141	OTU_1216	0.275000000	2.220798e-05
142	OTU_663	0.300000000	1.219283e-05
143	OTU_3674	0.333333333	8.597175e-06
144	OTU_92	0.666666667	1.001730e-05
145	OTU_79	0.425000000	1.177494e-05
146	OTU_137	0.275000000	1.250573e-05
147	OTU_46	0.558333333	8.222934e-06
148	OTU_9921	0.700000000	1.015291e-05
149	OTU_2792	0.641666667	9.598241e-06
150	OTU_5916	0.591666667	9.361585e-06
151	OTU_6997	0.625000000	9.209337e-06
152	OTU_6074	0.516666667	8.193165e-06
153	OTU_1575	0.150000000	1.093634e-05
154	OTU_76	0.208333333	6.409423e-06
155	OTU_185	0.383333333	7.989265e-06
156	OTU_13079	0.258333333	1.032909e-05
157	OTU_13784	0.241666667	1.099495e-05
158	OTU_247	0.275000000	6.072157e-06
159	OTU_29	0.458333333	7.363289e-06
160	OTU_11053	0.100000000	7.508668e-06
161	OTU_4691	0.433333333	1.414525e-05
162	OTU_112	0.450000000	9.108078e-06
163	OTU_1402	0.241666667	9.155065e-06
164	OTU_5503	0.258333333	1.038675e-05
165	OTU_645	0.133333333	8.159581e-06
166	OTU_656	0.200000000	1.527281e-05
167	OTU_712	0.316666667	9.879728e-06
168	OTU_1331	0.158333333	4.780799e-06
169	OTU_155	0.450000000	8.027476e-06
170	OTU_386	0.058333333	4.851923e-06
171	OTU_4102	0.208333333	8.041288e-06
172	OTU_60	0.383333333	6.179030e-06
173	OTU_652	0.250000000	7.259296e-06
174	OTU_305	0.216666667	6.176146e-06
175	OTU_308	0.466666667	6.307729e-06
176	OTU_35	0.500000000	5.692789e-06
177	OTU_983	0.150000000	6.839013e-06
178	OTU_283	0.125000000	4.041515e-06
179	OTU_1853	0.291666667	7.370098e-06
180	OTU_10610	0.175000000	7.356084e-06
181	OTU_1247	0.091666667	4.910483e-06
182	OTU_6292	0.225000000	4.479792e-06
183	OTU_64	0.458333333	4.440872e-06
184	OTU_962	0.391666667	5.094116e-06
185	OTU_8772	0.308333333	4.329554e-06
186	OTU_489	0.266666667	8.470722e-06
187	OTU_13728	0.158333333	4.002063e-06
188	OTU_4742	0.350000000	4.346916e-06
189	OTU_1158	0.183333333	3.527204e-06
190	OTU_732	0.141666667	6.049659e-06
191	OTU_11888	0.141666667	3.755563e-06
192	OTU_2833	0.200000000	4.733703e-06
193	OTU_348	0.333333333	3.724887e-06
194	OTU_10963	0.308333333	3.925425e-06
195	OTU_96	0.233333333	3.762341e-06
196	OTU_88	0.458333333	4.203307e-06
197	OTU_1311	0.291666667	5.322602e-06
198	OTU_8592	0.425000000	3.753268e-06
199	OTU_1519	0.341666667	4.484532e-06
200	OTU_2486	0.258333333	6.220058e-06
201	OTU_446	0.225000000	4.679198e-06
202	OTU_3243	0.241666667	5.029729e-06
203	OTU_12278	0.425000000	3.607234e-06
204	OTU_11740	0.275000000	4.392363e-06
205	OTU_615	0.175000000	6.712375e-06
206	OTU_11742	0.425000000	3.702972e-06
207	OTU_209	0.425000000	5.294459e-06
208	OTU_145	0.225000000	3.148263e-06
209	OTU_47	0.433333333	3.904044e-06
210	OTU_11875	0.350000000	4.423337e-06
211	OTU_436	0.141666667	2.937495e-06
212	OTU_40	0.400000000	4.390268e-06
213	OTU_3110	0.391666667	4.053402e-06
214	OTU_329	0.266666667	3.818752e-06
215	OTU_2353	0.183333333	3.713478e-06
216	OTU_2469	0.375000000	4.053325e-06
217	OTU_309	0.100000000	2.402791e-06
218	OTU_12447	0.308333333	2.993862e-06
219	OTU_2245	0.166666667	4.061908e-06
220	OTU_8312	0.200000000	3.193625e-06
221	OTU_12428	0.266666667	5.374660e-06
222	OTU_901	0.108333333	3.430619e-06
223	OTU_23	0.350000000	3.065028e-06
224	OTU_67	0.341666667	3.746743e-06
225	OTU_11823	0.358333333	3.505771e-06
226	OTU_6491	0.141666667	3.474097e-06
227	OTU_2831	0.041666667	4.338262e-06
228	OTU_33	0.275000000	3.005422e-06
229	OTU_731	0.325000000	2.990862e-06
230	OTU_12363	0.316666667	2.757954e-06
231	OTU_6075	0.075000000	1.484330e-06
232	OTU_43	0.308333333	2.485752e-06
233	OTU_5190	0.283333333	2.302801e-06
234	OTU_931	0.125000000	3.237959e-06
235	OTU_376	0.241666667	3.727719e-06
236	OTU_3010	0.141666667	2.312194e-06
237	OTU_7572	0.050000000	3.024556e-06
238	OTU_1854	0.033333333	1.717051e-06
239	OTU_7673	0.291666667	2.633185e-06
240	OTU_111	0.216666667	2.383146e-06
241	OTU_602	0.241666667	2.692072e-06
242	OTU_65	0.283333333	2.834435e-06
243	OTU_3068	0.183333333	2.620172e-06
244	OTU_12443	0.166666667	2.598950e-06
245	OTU_1256	0.200000000	1.869237e-06
246	OTU_958	0.183333333	2.077030e-06
247	OTU_151	0.133333333	2.898292e-06
248	OTU_5570	0.241666667	2.250403e-06
249	OTU_38	0.275000000	2.219048e-06
250	OTU_532	0.241666667	2.440844e-06
251	OTU_5865	0.175000000	1.864381e-06
252	OTU_11402	0.225000000	2.259231e-06
253	OTU_1176	0.033333333	1.626664e-06
254	OTU_950	0.041666667	2.645194e-06
255	OTU_11904	0.025000000	2.728024e-06
256	OTU_68	0.283333333	2.298367e-06
257	OTU_1520	0.083333333	2.004315e-06
258	OTU_1319	0.050000000	1.845959e-06
259	OTU_1292	0.083333333	4.794735e-06
260	OTU_1336	0.033333333	1.278578e-06
261	OTU_1505	0.225000000	2.564328e-06
262	OTU_34	0.266666667	2.046200e-06
263	OTU_225	0.175000000	1.593853e-06
264	OTU_82	0.241666667	1.763597e-06
265	OTU_156	0.050000000	1.391848e-06
266	OTU_12277	0.133333333	2.308971e-06
267	OTU_8004	0.258333333	1.793061e-06
268	OTU_13836	0.191666667	2.412219e-06
269	OTU_10313	0.100000000	1.430229e-06
270	OTU_5867	0.233333333	1.689158e-06
271	OTU_629	0.175000000	1.808777e-06
272	OTU_5972	0.191666667	1.841624e-06
273	OTU_2464	0.091666667	3.329114e-06
274	OTU_6305	0.033333333	2.343828e-06
275	OTU_58	0.241666667	2.410893e-06
276	OTU_101	0.208333333	1.419514e-06
277	OTU_5568	0.216666667	1.712134e-06
278	OTU_3540	0.066666667	1.141043e-06
279	OTU_503	0.075000000	1.617371e-06
280	OTU_534	0.200000000	2.108433e-06
281	OTU_1039	0.025000000	2.200710e-06
282	OTU_4607	0.033333333	1.997034e-06
283	OTU_8255	0.025000000	1.534252e-06
284	OTU_1691	0.116666667	2.324135e-06
285	OTU_9234	0.033333333	1.380353e-06
286	OTU_56	0.216666667	1.325379e-06
287	OTU_3345	0.108333333	1.235896e-06
288	OTU_163	0.175000000	1.451566e-06
289	OTU_476	0.025000000	1.121458e-06
290	OTU_253	0.008333333	2.204886e-06
291	OTU_1848	0.141666667	2.199026e-06
292	OTU_10578	0.100000000	1.958113e-06
293	OTU_85	0.216666667	1.469231e-06
294	OTU_865	0.091666667	1.597933e-06
295	OTU_639	0.166666667	1.435378e-06
296	OTU_11825	0.100000000	1.160470e-06
297	OTU_57	0.225000000	1.317386e-06
298	OTU_3229	0.125000000	2.169208e-06
299	OTU_547	0.133333333	1.625730e-06
300	OTU_6057	0.025000000	7.266643e-07
301	OTU_421	0.066666667	1.726327e-06
302	OTU_1086	0.116666667	1.630072e-06
303	OTU_1014	0.158333333	1.241279e-06
304	OTU_214	0.175000000	1.783651e-06
305	OTU_4268	0.100000000	1.665971e-06
306	OTU_631	0.100000000	1.387600e-06
307	OTU_8847	0.116666667	1.360065e-06
308	OTU_11352	0.033333333	1.809005e-06
309	OTU_164	0.183333333	1.056014e-06
310	OTU_5626	0.141666667	1.149226e-06
311	OTU_73	0.191666667	1.323153e-06
312	OTU_110	0.141666667	9.755584e-07
313	OTU_152	0.016666667	6.398059e-07
314	OTU_571	0.183333333	1.364923e-06
315	OTU_122	0.133333333	1.041837e-06
316	OTU_107	0.066666667	1.037483e-06
317	OTU_9397	0.158333333	1.141950e-06
318	OTU_1620	0.041666667	1.594226e-06
319	OTU_3461	0.183333333	1.472660e-06
320	OTU_211	0.066666667	1.459461e-06
321	OTU_13084	0.066666667	1.423022e-06
322	OTU_3986	0.166666667	1.084835e-06
323	OTU_1539	0.025000000	1.128353e-06
324	OTU_5291	0.125000000	1.328915e-06
325	OTU_2392	0.058333333	6.970050e-07
326	OTU_71	0.091666667	1.060788e-06
327	OTU_228	0.133333333	2.417763e-06
328	OTU_97	0.183333333	1.183871e-06
329	OTU_1438	0.033333333	1.510525e-06
330	OTU_301	0.125000000	1.074750e-06
331	OTU_3797	0.025000000	2.528367e-06
332	OTU_11903	0.033333333	1.358569e-06
333	OTU_11905	0.008333333	1.505219e-06
334	OTU_62	0.116666667	9.847881e-07
335	OTU_523	0.133333333	1.020348e-06
336	OTU_1407	0.100000000	9.017685e-07
337	OTU_5019	0.108333333	1.554179e-06
338	OTU_3494	0.083333333	1.466399e-06
339	OTU_54	0.075000000	6.974118e-07
340	OTU_442	0.158333333	1.236909e-06
341	OTU_373	0.141666667	9.004519e-07
342	OTU_1884	0.033333333	1.075910e-06
343	OTU_8450	0.025000000	8.326652e-07
344	OTU_182	0.158333333	1.161114e-06
345	OTU_5290	0.150000000	9.989148e-07
346	OTU_3657	0.091666667	1.119503e-06
347	OTU_4263	0.125000000	1.085253e-06
348	OTU_1623	0.108333333	1.001015e-06
349	OTU_3178	0.016666667	4.846611e-07
350	OTU_63	0.108333333	1.082949e-06
351	OTU_134	0.108333333	8.145828e-07
352	OTU_3089	0.083333333	1.271069e-06
353	OTU_2135	0.041666667	9.313039e-07
354	OTU_2070	0.050000000	1.132861e-06
355	OTU_7538	0.141666667	8.026781e-07
356	OTU_6027	0.025000000	9.860282e-07
357	OTU_422	0.066666667	1.189096e-06
358	OTU_260	0.133333333	9.817863e-07
359	OTU_172	0.041666667	6.269293e-07
360	OTU_5763	0.075000000	9.054464e-07
361	OTU_405	0.108333333	9.131874e-07
362	OTU_823	0.125000000	1.181841e-06
363	OTU_5874	0.083333333	7.048044e-07
364	OTU_8021	0.141666667	1.510363e-06
365	OTU_8610	0.141666667	7.003378e-07
366	OTU_10506	0.108333333	9.530260e-07
367	OTU_66	0.125000000	9.595778e-07
368	OTU_120	0.033333333	6.064793e-07
369	OTU_2241	0.108333333	7.414652e-07
370	OTU_2492	0.041666667	4.890150e-07
371	OTU_6757	0.050000000	8.026155e-07
372	OTU_2419	0.016666667	5.505989e-07
373	OTU_6995	0.116666667	7.265336e-07
374	OTU_11288	0.075000000	1.151229e-06
375	OTU_5056	0.075000000	4.949843e-07
376	OTU_84	0.058333333	6.005676e-07
377	OTU_330	0.091666667	5.758361e-07
378	OTU_296	0.133333333	6.317319e-07
379	OTU_115	0.125000000	7.065593e-07
380	OTU_418	0.083333333	6.049277e-07
381	OTU_1946	0.116666667	8.231593e-07
382	OTU_13779	0.133333333	6.166657e-07
383	OTU_10504	0.050000000	1.087081e-06
384	OTU_9227	0.100000000	8.981361e-07
385	OTU_290	0.108333333	8.804378e-07
386	OTU_397	0.108333333	8.494656e-07
387	OTU_12283	0.066666667	7.554904e-07
388	OTU_236	0.108333333	6.721903e-07
389	OTU_6861	0.091666667	6.972829e-07
390	OTU_273	0.075000000	8.458854e-07
391	OTU_251	0.100000000	6.458122e-07
392	OTU_187	0.108333333	5.354944e-07
393	OTU_6761	0.066666667	7.607065e-07
394	OTU_10233	0.108333333	1.308792e-06
395	OTU_223	0.016666667	4.442151e-07
396	OTU_7679	0.041666667	5.495322e-07
397	OTU_1186	0.033333333	4.280859e-07
398	OTU_2682	0.016666667	2.512070e-07
399	OTU_213	0.066666667	5.168498e-07
400	OTU_100	0.100000000	5.248305e-07
401	OTU_306	0.075000000	6.445735e-07
402	OTU_104	0.116666667	7.898662e-07
403	OTU_183	0.108333333	5.879572e-07
404	OTU_956	0.083333333	5.698821e-07
405	OTU_11384	0.058333333	8.029629e-07
406	OTU_697	0.100000000	1.151564e-06
407	OTU_11864	0.100000000	7.457076e-07
408	OTU_3466	0.066666667	6.247702e-07
409	OTU_7758	0.108333333	6.610437e-07
410	OTU_2616	0.041666667	2.630046e-07
411	OTU_49	0.091666667	5.891446e-07
412	OTU_41	0.100000000	6.537755e-07
413	OTU_153	0.100000000	7.219568e-07
414	OTU_8994	0.108333333	6.481373e-07
415	OTU_2563	0.083333333	1.090380e-06
416	OTU_3760	0.058333333	6.930792e-07
417	OTU_553	0.016666667	9.626853e-07
418	OTU_2788	0.091666667	7.703666e-07
419	OTU_744	0.058333333	9.641945e-07
420	OTU_1341	0.066666667	4.690662e-07
421	OTU_1409	0.041666667	7.855801e-07
422	OTU_991	0.041666667	7.471819e-07
423	OTU_1456	0.008333333	2.195044e-07
424	OTU_2386	0.066666667	5.648563e-07
425	OTU_12849	0.091666667	6.180496e-07
426	OTU_4089	0.025000000	9.447785e-07
427	OTU_5609	0.033333333	3.691599e-07
428	OTU_4062	0.016666667	7.832024e-07
429	OTU_105	0.083333333	5.561146e-07
430	OTU_52	0.100000000	4.486248e-07
431	OTU_91	0.100000000	6.276276e-07
432	OTU_980	0.075000000	5.025685e-07
433	OTU_128	0.050000000	4.554827e-07
434	OTU_654	0.091666667	6.385090e-07
435	OTU_3709	0.066666667	4.893309e-07
436	OTU_218	0.075000000	9.368078e-07
437	OTU_6850	0.083333333	3.251543e-07
438	OTU_4626	0.050000000	5.035604e-07
439	OTU_646	0.058333333	7.158986e-07
440	OTU_1131	0.075000000	5.766089e-07
441	OTU_703	0.083333333	6.218003e-07
442	OTU_875	0.033333333	4.151875e-07
443	OTU_707	0.091666667	5.001170e-07
444	OTU_4295	0.058333333	7.670130e-07
445	OTU_2302	0.016666667	4.218053e-07
446	OTU_11854	0.033333333	5.994386e-07
447	OTU_1080	0.066666667	2.429392e-07
448	OTU_2525	0.025000000	7.826914e-07
449	OTU_2889	0.041666667	6.448522e-07
450	OTU_8284	0.091666667	1.214577e-06
451	OTU_4380	0.025000000	7.724551e-07
452	OTU_8810	0.100000000	4.113639e-07
453	OTU_5018	0.066666667	5.475437e-07
454	OTU_7178	0.016666667	2.172966e-07
455	OTU_5059	0.025000000	3.395766e-07
456	OTU_83	0.050000000	4.815121e-07
457	OTU_103	0.066666667	3.474300e-07
458	OTU_140	0.091666667	7.918080e-07
459	OTU_131	0.083333333	5.361379e-07
460	OTU_278	0.033333333	2.648161e-07
461	OTU_394	0.083333333	8.044976e-07
462	OTU_158	0.091666667	6.034924e-07
463	OTU_772	0.075000000	5.814432e-07
464	OTU_398	0.041666667	3.452903e-07
465	OTU_353	0.066666667	3.781767e-07
466	OTU_7460	0.041666667	4.146489e-07
467	OTU_4279	0.066666667	3.241020e-07
468	OTU_451	0.041666667	1.458880e-06
469	OTU_3576	0.075000000	7.016487e-07
470	OTU_2220	0.083333333	5.435124e-07
471	OTU_821	0.075000000	4.902781e-07
472	OTU_5629	0.066666667	8.346867e-07
473	OTU_2422	0.075000000	3.691935e-07
474	OTU_13839	0.033333333	8.714433e-07
475	OTU_74	0.083333333	3.260594e-07
476	OTU_206	0.050000000	5.692268e-07
477	OTU_178	0.033333333	3.003986e-07
478	OTU_449	0.075000000	4.934589e-07
479	OTU_481	0.066666667	4.367819e-07
480	OTU_249	0.066666667	4.050618e-07
481	OTU_522	0.058333333	1.037062e-06
482	OTU_544	0.050000000	8.515735e-07
483	OTU_930	0.066666667	3.793389e-07
484	OTU_12996	0.075000000	3.726103e-07
485	OTU_3271	0.066666667	6.249828e-07
486	OTU_5815	0.050000000	6.889248e-07
487	OTU_2305	0.075000000	6.647588e-07
488	OTU_2432	0.033333333	5.333784e-07
489	OTU_3915	0.008333333	1.688496e-07
490	OTU_3518	0.016666667	4.535771e-07
491	OTU_13799	0.008333333	3.140175e-07
492	OTU_8984	0.008333333	1.688496e-07
493	OTU_8617	0.066666667	4.012520e-07
494	OTU_1609	0.058333333	5.072887e-07
495	OTU_13613	0.075000000	5.621025e-07
496	OTU_4892	0.008333333	1.688496e-07
497	OTU_6621	0.041666667	3.793340e-07
498	OTU_9654	0.025000000	2.207694e-07
499	OTU_10934	0.050000000	3.793114e-07
500	OTU_80	0.066666667	3.749417e-07
501	OTU_95	0.050000000	4.502487e-07
502	OTU_1352	0.075000000	4.229868e-07
503	OTU_242	0.058333333	3.609370e-07
504	OTU_299	0.075000000	4.781032e-07
505	OTU_108	0.066666667	3.547526e-07
506	OTU_161	0.058333333	8.059699e-07
507	OTU_4703	0.058333333	5.783420e-07
508	OTU_226	0.041666667	2.553755e-07
509	OTU_1720	0.066666667	5.666987e-07
510	OTU_1011	0.058333333	5.787128e-07
511	OTU_216	0.016666667	1.558022e-07
512	OTU_328	0.058333333	2.776420e-07
513	OTU_6704	0.075000000	4.723543e-07
514	OTU_952	0.058333333	2.936366e-07
515	OTU_2724	0.041666667	5.923576e-07
516	OTU_5188	0.050000000	4.064714e-07
517	OTU_10377	0.058333333	3.555396e-07
518	OTU_664	0.066666667	3.991293e-07
519	OTU_819	0.016666667	8.702938e-07
520	OTU_539	0.041666667	3.822894e-07
521	OTU_1045	0.075000000	6.539993e-07
522	OTU_2898	0.033333333	2.724475e-07
523	OTU_8144	0.075000000	3.807842e-07
524	OTU_13712	0.050000000	3.424355e-07
525	OTU_13008	0.058333333	3.778626e-07
526	OTU_2175	0.025000000	5.689452e-07
527	OTU_9124	0.033333333	3.898647e-07
528	OTU_1753	0.058333333	1.076130e-06
529	OTU_1284	0.025000000	3.282062e-07
530	OTU_1305	0.016666667	5.293836e-07
531	OTU_463	0.075000000	4.304815e-07
532	OTU_8792	0.066666667	8.482178e-07
533	OTU_3564	0.033333333	3.299991e-07
534	OTU_3899	0.008333333	1.519646e-07
535	OTU_2117	0.033333333	6.663323e-07
536	OTU_774	0.033333333	3.484025e-07
537	OTU_282	0.066666667	2.583774e-07
538	OTU_170	0.058333333	4.212646e-07
539	OTU_9500	0.058333333	4.583423e-07
540	OTU_361	0.041666667	2.982968e-07
541	OTU_195	0.008333333	1.350796e-07
542	OTU_6426	0.066666667	3.315096e-07
543	OTU_202	0.058333333	2.761139e-07
544	OTU_412	0.033333333	1.628855e-07
545	OTU_741	0.058333333	4.411430e-07
546	OTU_347	0.041666667	2.657525e-07
547	OTU_717	0.008333333	1.350796e-07
548	OTU_9854	0.050000000	3.189132e-07
549	OTU_374	0.050000000	3.112661e-07
550	OTU_2214	0.058333333	3.025739e-07
551	OTU_660	0.041666667	3.904341e-07
552	OTU_569	0.008333333	1.350796e-07
553	OTU_2085	0.033333333	2.778282e-07
554	OTU_10884	0.041666667	6.602733e-07
555	OTU_5356	0.008333333	2.512140e-07
556	OTU_1621	0.016666667	1.364793e-07
557	OTU_6698	0.066666667	5.010937e-07
558	OTU_5952	0.033333333	3.227171e-07
559	OTU_11861	0.058333333	5.297665e-07
560	OTU_2834	0.041666667	4.393902e-07
561	OTU_11743	0.050000000	4.714456e-07
562	OTU_169	0.041666667	3.800864e-07
563	OTU_560	0.033333333	3.125933e-07
564	OTU_425	0.041666667	3.534270e-07
565	OTU_221	0.058333333	2.814526e-07
566	OTU_5877	0.050000000	5.647271e-07
567	OTU_411	0.050000000	3.844271e-07
568	OTU_6231	0.050000000	3.193554e-07
569	OTU_9097	0.058333333	3.651063e-07
570	OTU_515	0.025000000	2.051808e-07
571	OTU_9190	0.041666667	3.305896e-07
572	OTU_1579	0.050000000	2.945410e-07
573	OTU_3294	0.050000000	2.491155e-07
574	OTU_6230	0.058333333	2.785123e-07
575	OTU_6362	0.033333333	4.124381e-07
576	OTU_2880	0.041666667	2.455498e-07
577	OTU_1260	0.033333333	7.168336e-07
578	OTU_2423	0.025000000	3.189918e-07
579	OTU_8768	0.041666667	2.027287e-07
580	OTU_3223	0.008333333	2.771074e-07
581	OTU_7488	0.025000000	3.972189e-07
582	OTU_8303	0.025000000	3.031351e-07
583	OTU_7760	0.016666667	4.229624e-07
584	OTU_150	0.050000000	2.662822e-07
585	OTU_923	0.050000000	2.389040e-07
586	OTU_6187	0.050000000	5.166943e-07
587	OTU_12420	0.050000000	5.535180e-07
588	OTU_133	0.016666667	3.023888e-07
589	OTU_207	0.050000000	2.918634e-07
590	OTU_217	0.050000000	1.934882e-07
591	OTU_201	0.025000000	2.676917e-07
592	OTU_592	0.050000000	2.218204e-07
593	OTU_381	0.033333333	4.481264e-07
594	OTU_3502	0.050000000	3.400636e-07
595	OTU_2748	0.041666667	2.642975e-07
596	OTU_9862	0.041666667	3.586154e-07
597	OTU_649	0.050000000	2.733969e-07
598	OTU_1558	0.041666667	2.384485e-07
599	OTU_3113	0.025000000	2.700724e-07
600	OTU_3775	0.016666667	1.283134e-07
601	OTU_11293	0.033333333	2.558490e-07
602	OTU_898	0.016666667	2.711112e-07
603	OTU_9656	0.050000000	3.564329e-07
604	OTU_10929	0.050000000	2.689981e-07
605	OTU_7512	0.033333333	2.705136e-07
606	OTU_2306	0.041666667	4.399093e-07
607	OTU_733	0.050000000	2.496612e-07
608	OTU_1527	0.025000000	1.306119e-06
609	OTU_8424	0.033333333	2.822569e-07
610	OTU_8904	0.008333333	3.763048e-07
611	OTU_13096	0.041666667	3.790777e-07
612	OTU_6080	0.050000000	2.126591e-07
613	OTU_1134	0.025000000	2.158757e-07
614	OTU_4125	0.033333333	5.211836e-07
615	OTU_10973	0.050000000	3.398708e-07
616	OTU_13359	0.016666667	3.769159e-07
617	OTU_2467	0.033333333	3.870748e-07
618	OTU_1953	0.033333333	1.287375e-07
619	OTU_13802	0.041666667	2.522585e-07
620	OTU_8451	0.016666667	8.048384e-07
621	OTU_4301	0.008333333	2.223645e-07
622	OTU_9212	0.008333333	3.126896e-07
623	OTU_121	0.041666667	1.992089e-07
624	OTU_1077	0.041666667	3.607621e-07
625	OTU_5417	0.041666667	2.234883e-07
626	OTU_160	0.033333333	1.469489e-07
627	OTU_6087	0.041666667	5.043975e-07
628	OTU_566	0.041666667	1.628486e-07
629	OTU_230	0.041666667	1.997826e-07
630	OTU_132	0.041666667	2.280762e-07
631	OTU_326	0.025000000	1.692562e-07
632	OTU_257	0.033333333	1.604817e-07
633	OTU_157	0.016666667	2.589151e-07
634	OTU_563	0.041666667	8.050745e-07
635	OTU_222	0.041666667	7.733379e-07
636	OTU_285	0.041666667	1.791590e-07
637	OTU_1516	0.033333333	2.753131e-07
638	OTU_265	0.033333333	1.685238e-07
639	OTU_241	0.016666667	9.793554e-08
640	OTU_10950	0.041666667	1.092961e-07
641	OTU_237	0.041666667	2.822068e-07
642	OTU_287	0.041666667	2.255223e-07
643	OTU_159	0.033333333	2.232176e-07
644	OTU_778	0.033333333	3.920331e-07
645	OTU_10686	0.033333333	1.778240e-07
646	OTU_7100	0.033333333	1.621572e-07
647	OTU_459	0.025000000	3.004141e-07
648	OTU_438	0.041666667	1.358928e-07
649	OTU_2815	0.041666667	2.140026e-07
650	OTU_1984	0.016666667	9.018638e-08
651	OTU_9396	0.033333333	1.927904e-07
652	OTU_10888	0.041666667	2.307957e-07
653	OTU_297	0.025000000	2.019218e-07
654	OTU_606	0.025000000	2.361900e-07
655	OTU_807	0.033333333	2.916788e-07
656	OTU_2949	0.008333333	1.570087e-07
657	OTU_13049	0.041666667	1.820009e-07
658	OTU_700	0.041666667	2.160058e-07
659	OTU_320	0.041666667	3.702885e-07
660	OTU_10723	0.041666667	3.867215e-07
661	OTU_528	0.008333333	2.562935e-07
662	OTU_642	0.025000000	2.486975e-07
663	OTU_676	0.033333333	1.699823e-07
664	OTU_1140	0.041666667	2.366456e-07
665	OTU_919	0.041666667	2.673518e-07
666	OTU_1391	0.025000000	7.438858e-07
667	OTU_340	0.016666667	1.499214e-07
668	OTU_10540	0.033333333	1.706982e-07
669	OTU_3987	0.025000000	2.882079e-07
670	OTU_3970	0.041666667	4.201259e-07
671	OTU_853	0.033333333	1.586714e-07
672	OTU_3256	0.016666667	2.121630e-07
673	OTU_466	0.041666667	1.887380e-07
674	OTU_2079	0.041666667	2.738746e-07
675	OTU_7389	0.041666667	2.292125e-07
676	OTU_2285	0.033333333	2.449320e-07
677	OTU_1033	0.041666667	3.146907e-07
678	OTU_5186	0.033333333	2.282456e-07
679	OTU_11247	0.041666667	2.400893e-07
680	OTU_6146	0.025000000	1.898190e-06
681	OTU_2509	0.016666667	2.923937e-07
682	OTU_3034	0.016666667	3.357128e-07
683	OTU_3777	0.008333333	8.442478e-08
684	OTU_1185	0.016666667	2.656134e-07
685	OTU_2820	0.008333333	7.408817e-08
686	OTU_13094	0.025000000	2.584447e-07
687	OTU_13069	0.033333333	2.011541e-07
688	OTU_6356	0.025000000	1.975095e-07
689	OTU_9152	0.041666667	1.517250e-07
690	OTU_8593	0.016666667	2.115030e-07
691	OTU_8590	0.016666667	2.017431e-07
692	OTU_129	0.025000000	2.876425e-07
693	OTU_227	0.016666667	7.201168e-08
694	OTU_264	0.033333333	1.711967e-07
695	OTU_180	0.033333333	1.835146e-07
696	OTU_244	0.033333333	1.823074e-07
697	OTU_302	0.033333333	2.158337e-07
698	OTU_3648	0.033333333	2.452518e-07
699	OTU_375	0.033333333	4.641615e-07
700	OTU_254	0.033333333	1.414084e-07
701	OTU_248	0.033333333	2.059497e-07
702	OTU_173	0.025000000	1.584011e-07
703	OTU_165	0.033333333	1.667734e-07
704	OTU_350	0.033333333	1.695888e-07
705	OTU_130	0.025000000	1.938913e-07
706	OTU_275	0.033333333	1.556046e-07
707	OTU_1252	0.016666667	2.236708e-07
708	OTU_118	0.033333333	2.358537e-07
709	OTU_126	0.033333333	1.455690e-07
710	OTU_186	0.025000000	1.915386e-07
711	OTU_396	0.025000000	2.313440e-07
712	OTU_1075	0.008333333	2.508699e-07
713	OTU_4387	0.033333333	2.573144e-07
714	OTU_215	0.016666667	8.782018e-08
715	OTU_581	0.033333333	1.743627e-07
716	OTU_144	0.025000000	1.990778e-07
717	OTU_363	0.033333333	2.200369e-07
718	OTU_357	0.033333333	2.153599e-07
719	OTU_239	0.025000000	3.193366e-07
720	OTU_4068	0.033333333	3.013440e-07
721	OTU_428	0.016666667	7.359002e-08
722	OTU_895	0.025000000	2.011851e-07
723	OTU_319	0.033333333	2.653674e-07
724	OTU_10631	0.033333333	4.348027e-07
725	OTU_390	0.025000000	1.826160e-07
726	OTU_4086	0.033333333	1.575728e-07
727	OTU_494	0.033333333	1.806392e-07
728	OTU_677	0.025000000	1.750796e-07
729	OTU_6291	0.025000000	1.817722e-07
730	OTU_1253	0.033333333	1.734508e-07
731	OTU_1649	0.033333333	1.745894e-07
732	OTU_2873	0.033333333	1.182762e-07
733	OTU_764	0.025000000	2.349289e-07
734	OTU_313	0.033333333	1.648080e-07
735	OTU_824	0.033333333	2.237971e-07
736	OTU_3134	0.033333333	1.610347e-07
737	OTU_977	0.008333333	2.050348e-07
738	OTU_1121	0.025000000	7.162965e-07
739	OTU_11979	0.016666667	9.131889e-08
740	OTU_1072	0.025000000	1.591555e-07
741	OTU_1046	0.016666667	1.547254e-07
742	OTU_692	0.033333333	1.802831e-07
743	OTU_562	0.016666667	8.446465e-08
744	OTU_658	0.025000000	1.574299e-07
745	OTU_1315	0.033333333	1.622267e-07
746	OTU_9963	0.033333333	1.881310e-07
747	OTU_1339	0.008333333	5.927053e-08
748	OTU_1233	0.033333333	1.038128e-07
749	OTU_813	0.033333333	1.752559e-07
750	OTU_13371	0.025000000	2.157682e-07
751	OTU_840	0.033333333	6.129978e-07
752	OTU_1976	0.016666667	1.785237e-06
753	OTU_10567	0.033333333	1.162420e-07
754	OTU_939	0.033333333	1.509658e-07
755	OTU_13625	0.033333333	3.056906e-07
756	OTU_2146	0.025000000	2.508139e-07
757	OTU_7800	0.025000000	2.883468e-07
758	OTU_1664	0.033333333	1.968344e-07
759	OTU_2049	0.025000000	3.113589e-07
760	OTU_1479	0.008333333	5.990054e-08
761	OTU_8779	0.033333333	2.105991e-07
762	OTU_9998	0.008333333	5.990054e-08
763	OTU_1650	0.025000000	1.444651e-07
764	OTU_1279	0.016666667	1.452685e-07
765	OTU_3226	0.016666667	2.539034e-07
766	OTU_12399	0.016666667	1.740298e-07
767	OTU_4063	0.025000000	9.868212e-08
768	OTU_2882	0.008333333	5.927053e-08
769	OTU_2243	0.008333333	5.927053e-08
770	OTU_3330	0.016666667	1.870775e-07
771	OTU_13717	0.033333333	1.912368e-07
772	OTU_1905	0.016666667	8.010927e-08
773	OTU_2475	0.008333333	1.102351e-07
774	OTU_9427	0.008333333	2.508699e-07
775	OTU_9237	0.033333333	2.194657e-07
776	OTU_723	0.033333333	2.018277e-07
777	OTU_12432	0.025000000	9.167076e-08
778	OTU_2150	0.025000000	8.971056e-08
779	OTU_13738	0.033333333	1.757787e-07
780	OTU_3390	0.025000000	2.663943e-07
781	OTU_2549	0.016666667	2.002618e-07
782	OTU_8761	0.016666667	1.146497e-07
783	OTU_3627	0.025000000	1.345748e-07
784	OTU_4151	0.025000000	3.884465e-07
785	OTU_12032	0.008333333	1.256070e-07
786	OTU_633	0.016666667	3.581567e-07
787	OTU_10945	0.025000000	5.263334e-07
788	OTU_9917	0.033333333	1.381781e-07
789	OTU_13708	0.025000000	3.210284e-07
790	OTU_238	0.025000000	1.193293e-07
791	OTU_114	0.025000000	1.721887e-07
792	OTU_166	0.025000000	1.667300e-07
793	OTU_154	0.025000000	1.175262e-07
794	OTU_93	0.025000000	1.384463e-07
795	OTU_109	0.016666667	9.645000e-08
796	OTU_124	0.016666667	1.301734e-07
797	OTU_269	0.025000000	1.686751e-07
798	OTU_651	0.025000000	1.048523e-07
799	OTU_203	0.025000000	8.946528e-08
800	OTU_493	0.025000000	9.994562e-08
801	OTU_219	0.016666667	6.883817e-07
802	OTU_955	0.025000000	1.624040e-07
803	OTU_691	0.025000000	1.077697e-07
804	OTU_7819	0.025000000	8.072543e-08
805	OTU_289	0.025000000	9.187287e-08
806	OTU_198	0.016666667	1.404386e-07
807	OTU_310	0.025000000	1.133968e-07
808	OTU_233	0.025000000	3.019052e-07
809	OTU_3555	0.025000000	1.056498e-07
810	OTU_12512	0.025000000	1.189264e-07
811	OTU_146	0.025000000	8.105148e-08
812	OTU_303	0.008333333	1.537761e-07
813	OTU_149	0.016666667	1.209222e-06
814	OTU_825	0.025000000	9.734909e-08
815	OTU_268	0.025000000	9.312126e-08
816	OTU_343	0.025000000	1.206719e-07
817	OTU_325	0.016666667	1.456817e-07
818	OTU_5863	0.025000000	1.782723e-07
819	OTU_630	0.025000000	1.628927e-07
820	OTU_1009	0.025000000	1.030836e-07
821	OTU_11456	0.025000000	2.045518e-07
822	OTU_204	0.008333333	5.670927e-08
823	OTU_1108	0.025000000	1.642716e-07
824	OTU_344	0.025000000	1.697360e-07
825	OTU_322	0.016666667	6.091877e-08
826	OTU_477	0.008333333	1.563448e-07
827	OTU_355	0.025000000	1.134695e-07
828	OTU_10292	0.025000000	1.449891e-07
829	OTU_246	0.025000000	9.310226e-08
830	OTU_470	0.016666667	1.340795e-07
831	OTU_415	0.025000000	8.134031e-08
832	OTU_501	0.025000000	1.088901e-07
833	OTU_288	0.016666667	8.190923e-08
834	OTU_969	0.025000000	9.959952e-08
835	OTU_914	0.025000000	1.097576e-07
836	OTU_650	0.025000000	8.119593e-08
837	OTU_479	0.025000000	1.342629e-07
838	OTU_600	0.008333333	1.088902e-07
839	OTU_391	0.016666667	1.546323e-07
840	OTU_2044	0.025000000	1.743501e-07
841	OTU_416	0.025000000	1.441119e-07
842	OTU_1364	0.025000000	1.154064e-07
843	OTU_1529	0.025000000	2.086738e-07
844	OTU_735	0.016666667	1.067323e-07
845	OTU_9157	0.016666667	1.864396e-07
846	OTU_1453	0.016666667	6.228325e-08
847	OTU_7772	0.025000000	8.197337e-08
848	OTU_791	0.025000000	1.285049e-07
849	OTU_1035	0.016666667	2.665950e-07
850	OTU_1047	0.016666667	9.379649e-08
851	OTU_625	0.025000000	2.069306e-07
852	OTU_556	0.008333333	5.065487e-08
853	OTU_568	0.016666667	3.443897e-08
854	OTU_12316	0.025000000	1.464165e-07
855	OTU_270	0.025000000	1.013124e-07
856	OTU_5586	0.025000000	1.349460e-07
857	OTU_688	0.016666667	1.720749e-07
858	OTU_1465	0.016666667	1.871805e-07
859	OTU_634	0.016666667	1.592979e-07
860	OTU_963	0.025000000	1.088125e-07
861	OTU_1053	0.025000000	2.087086e-07
862	OTU_7668	0.016666667	2.353000e-07
863	OTU_5571	0.025000000	1.191552e-07
864	OTU_5160	0.008333333	1.537761e-07
865	OTU_12643	0.016666667	1.340061e-07
866	OTU_1872	0.008333333	1.111823e-07
867	OTU_3787	0.016666667	7.387396e-08
868	OTU_1200	0.025000000	1.266338e-07
869	OTU_13587	0.016666667	1.599220e-07
870	OTU_2478	0.025000000	1.775802e-07
871	OTU_3403	0.025000000	1.130604e-07
872	OTU_2714	0.025000000	1.295710e-07
873	OTU_8327	0.008333333	9.420525e-08
874	OTU_611	0.025000000	9.875635e-08
875	OTU_1744	0.025000000	1.834750e-07
876	OTU_3496	0.016666667	8.013611e-08
877	OTU_9119	0.008333333	1.137636e-07
878	OTU_6762	0.025000000	7.132739e-08
879	OTU_1318	0.016666667	4.580400e-07
880	OTU_1486	0.008333333	2.004442e-07
881	OTU_444	0.025000000	1.329349e-07
882	OTU_11082	0.008333333	9.420525e-08
883	OTU_1114	0.025000000	1.866923e-07
884	OTU_9236	0.025000000	1.434978e-07
885	OTU_1547	0.025000000	2.575473e-07
886	OTU_2530	0.025000000	1.492195e-07
887	OTU_1625	0.008333333	1.088902e-07
888	OTU_13427	0.008333333	2.004442e-07
889	OTU_11529	0.025000000	1.415643e-07
890	OTU_327	0.025000000	1.391807e-07
891	OTU_3234	0.008333333	1.377180e-08
892	OTU_12993	0.016666667	3.888380e-08
893	OTU_2376	0.008333333	5.065487e-08
894	OTU_1998	0.016666667	8.393973e-08
895	OTU_1974	0.025000000	1.253853e-07
896	OTU_2206	0.025000000	1.348736e-07
897	OTU_280	0.025000000	1.377171e-07
898	OTU_2805	0.016666667	8.442472e-08
899	OTU_417	0.025000000	1.759694e-07
900	OTU_13347	0.025000000	7.002385e-08
901	OTU_10353	0.008333333	6.605072e-08
902	OTU_3371	0.016666667	3.148539e-07
903	OTU_2948	0.008333333	6.809744e-08
904	OTU_483	0.025000000	1.780548e-07
905	OTU_3302	0.008333333	1.088902e-07
906	OTU_10041	0.025000000	1.702400e-07
907	OTU_2953	0.008333333	4.492541e-08
908	OTU_3480	0.025000000	1.238730e-07
909	OTU_10225	0.008333333	6.809744e-08
910	OTU_3840	0.016666667	1.193444e-07
911	OTU_11405	0.025000000	1.519637e-07
912	OTU_3197	0.025000000	1.300126e-07
913	OTU_5029	0.025000000	2.184445e-07
914	OTU_10234	0.025000000	2.131449e-07
915	OTU_3798	0.025000000	1.383669e-07
916	OTU_1873	0.016666667	1.142214e-07
917	OTU_6035	0.025000000	1.948324e-07
918	OTU_7186	0.025000000	2.568774e-07
919	OTU_13058	0.016666667	1.590773e-07
920	OTU_5415	0.016666667	2.904417e-07
921	OTU_8641	0.016666667	1.751497e-07
922	OTU_7891	0.025000000	1.452569e-07
923	OTU_10515	0.025000000	5.690186e-08
924	OTU_4242	0.008333333	1.317711e-07
925	OTU_9700	0.008333333	2.494861e-07
926	OTU_89	0.016666667	6.607634e-08
927	OTU_75	0.016666667	1.420833e-07
928	OTU_148	0.016666667	6.676336e-08
929	OTU_279	0.016666667	1.051389e-07
930	OTU_125	0.016666667	5.512484e-08
931	OTU_177	0.016666667	7.488626e-08
932	OTU_250	0.016666667	6.934291e-08
933	OTU_123	0.016666667	7.537813e-08
934	OTU_174	0.016666667	8.609437e-08
935	OTU_168	0.008333333	1.025174e-07
936	OTU_272	0.016666667	4.931048e-08
937	OTU_235	0.016666667	1.488939e-07
938	OTU_193	0.016666667	8.215607e-08
939	OTU_208	0.016666667	9.278422e-08
940	OTU_190	0.008333333	1.348774e-07
941	OTU_175	0.016666667	9.442341e-08
942	OTU_181	0.016666667	1.226324e-07
943	OTU_359	0.016666667	4.538832e-08
944	OTU_3432	0.016666667	8.506447e-08
945	OTU_179	0.016666667	8.537567e-08
946	OTU_541	0.016666667	7.990505e-08
947	OTU_711	0.016666667	7.750435e-08
948	OTU_9094	0.016666667	6.696371e-08
949	OTU_263	0.016666667	7.990817e-08
950	OTU_3193	0.016666667	7.363646e-08
951	OTU_232	0.016666667	8.486982e-08
952	OTU_402	0.016666667	1.712815e-07
953	OTU_465	0.016666667	4.366467e-08
954	OTU_336	0.016666667	1.215023e-07
955	OTU_8746	0.016666667	7.406487e-08
956	OTU_102	0.016666667	1.147241e-07
957	OTU_189	0.016666667	1.304480e-07
958	OTU_478	0.016666667	8.575155e-08
959	OTU_401	0.016666667	9.868259e-08
960	OTU_1214	0.016666667	1.001503e-07
961	OTU_573	0.016666667	8.689634e-08
962	OTU_8223	0.016666667	1.787485e-07
963	OTU_957	0.016666667	8.092082e-08
964	OTU_252	0.016666667	6.941034e-08
965	OTU_12728	0.008333333	1.025174e-07
966	OTU_2011	0.016666667	9.997066e-08
967	OTU_679	0.016666667	1.380482e-07
968	OTU_8479	0.016666667	7.282681e-08
969	OTU_2340	0.016666667	1.097633e-07
970	OTU_262	0.008333333	1.025174e-07
971	OTU_666	0.016666667	1.122991e-07
972	OTU_395	0.016666667	5.448508e-08
973	OTU_460	0.016666667	7.302587e-08
974	OTU_9008	0.016666667	4.637970e-08
975	OTU_356	0.016666667	1.828962e-07
976	OTU_1991	0.016666667	7.201174e-08
977	OTU_896	0.016666667	1.211285e-07
978	OTU_7157	0.016666667	7.516192e-08
979	OTU_2460	0.016666667	3.210265e-08
980	OTU_337	0.016666667	9.886354e-08
981	OTU_435	0.016666667	5.854965e-08
982	OTU_317	0.016666667	8.841025e-08
983	OTU_525	0.016666667	1.288026e-07
984	OTU_448	0.016666667	1.232236e-07
985	OTU_830	0.016666667	1.048555e-07
986	OTU_1273	0.016666667	1.019835e-07
987	OTU_4532	0.016666667	2.190130e-07
988	OTU_349	0.016666667	8.616061e-08
989	OTU_274	0.016666667	7.767860e-08
990	OTU_681	0.016666667	1.721990e-07
991	OTU_8012	0.016666667	4.831120e-08
992	OTU_3138	0.016666667	8.921699e-08
993	OTU_8037	0.016666667	9.479448e-08
994	OTU_4091	0.016666667	6.415496e-08
995	OTU_8483	0.016666667	1.092381e-07
996	OTU_1208	0.016666667	1.773752e-07
997	OTU_6197	0.016666667	1.237749e-07
998	OTU_497	0.008333333	7.412151e-08
999	OTU_13045	0.008333333	1.336295e-07
1000	OTU_3250	0.016666667	1.251404e-07
1001	OTU_907	0.016666667	5.203589e-08
1002	OTU_354	0.008333333	1.025174e-07
1003	OTU_2925	0.008333333	1.397894e-07
1004	OTU_2410	0.016666667	9.281029e-08
1005	OTU_445	0.016666667	6.073849e-08
1006	OTU_869	0.008333333	1.984481e-07
1007	OTU_559	0.008333333	8.957491e-08
1008	OTU_410	0.016666667	1.526749e-07
1009	OTU_2571	0.008333333	4.573854e-07
1010	OTU_726	0.008333333	3.457004e-08
1011	OTU_1868	0.016666667	5.873057e-08
1012	OTU_12688	0.016666667	7.429464e-08
1013	OTU_521	0.016666667	7.153895e-08
1014	OTU_2445	0.016666667	3.893706e-08
1015	OTU_1291	0.016666667	8.751833e-08
1016	OTU_8908	0.016666667	1.851187e-07
1017	OTU_770	0.016666667	1.213189e-07
1018	OTU_974	0.016666667	1.197494e-07
1019	OTU_2429	0.016666667	5.034294e-08
1020	OTU_2569	0.016666667	5.726138e-08
1021	OTU_507	0.016666667	5.672586e-08
1022	OTU_351	0.016666667	1.087842e-07
1023	OTU_429	0.016666667	1.428217e-07
1024	OTU_432	0.016666667	6.607634e-08
1025	OTU_499	0.016666667	3.143188e-08
1026	OTU_1026	0.016666667	4.484380e-08
1027	OTU_5448	0.016666667	6.006819e-07
1028	OTU_787	0.008333333	8.643909e-08
1029	OTU_751	0.008333333	1.391150e-07
1030	OTU_1668	0.016666667	1.464905e-07
1031	OTU_868	0.016666667	8.301736e-08
1032	OTU_1000	0.016666667	1.039930e-07
1033	OTU_1858	0.016666667	4.005463e-08
1034	OTU_485	0.008333333	1.633587e-07
1035	OTU_1174	0.016666667	8.320757e-08
1036	OTU_1142	0.016666667	8.377342e-08
1037	OTU_147	0.016666667	1.152875e-07
1038	OTU_2030	0.016666667	4.523081e-08
1039	OTU_1434	0.016666667	1.107778e-07
1040	OTU_916	0.008333333	1.025174e-07
1041	OTU_1686	0.008333333	5.901334e-08
1042	OTU_766	0.016666667	4.106328e-08
1043	OTU_827	0.016666667	5.308693e-08
1044	OTU_1608	0.016666667	7.363450e-08
1045	OTU_1218	0.016666667	8.330834e-08
1046	OTU_520	0.016666667	7.611955e-08
1047	OTU_2292	0.016666667	8.967702e-08
1048	OTU_1644	0.016666667	5.753999e-08
1049	OTU_360	0.016666667	6.513742e-08
1050	OTU_894	0.016666667	7.473260e-08
1051	OTU_842	0.016666667	6.053158e-08
1052	OTU_2474	0.016666667	1.323560e-07
1053	OTU_1726	0.008333333	2.963527e-08
1054	OTU_12836	0.016666667	6.265682e-08
1055	OTU_834	0.016666667	1.842311e-07
1056	OTU_7669	0.016666667	1.380482e-07
1057	OTU_1294	0.016666667	5.408404e-08
1058	OTU_929	0.016666667	5.374759e-08
1059	OTU_10883	0.016666667	5.493961e-08
1060	OTU_2827	0.016666667	5.988374e-08
1061	OTU_2104	0.016666667	1.813654e-07
1062	OTU_860	0.008333333	2.293473e-07
1063	OTU_2524	0.016666667	1.065420e-07
1064	OTU_1310	0.008333333	1.430235e-07
1065	OTU_972	0.016666667	9.243600e-08
1066	OTU_1772	0.016666667	7.018561e-08
1067	OTU_11900	0.008333333	1.993310e-07
1068	OTU_3776	0.008333333	1.369814e-07
1069	OTU_1085	0.016666667	5.207873e-08
1070	OTU_1081	0.016666667	1.188859e-07
1071	OTU_1162	0.008333333	9.058660e-08
1072	OTU_2901	0.016666667	1.089175e-07
1073	OTU_4291	0.016666667	1.059952e-07
1074	OTU_1267	0.016666667	5.273882e-08
1075	OTU_2406	0.016666667	8.151797e-08
1076	OTU_817	0.016666667	9.087764e-08
1077	OTU_1723	0.016666667	6.508316e-08
1078	OTU_9149	0.008333333	9.181199e-09
1079	OTU_3520	0.016666667	1.533280e-07
1080	OTU_4253	0.016666667	1.025102e-07
1081	OTU_6952	0.016666667	1.351706e-07
1082	OTU_1978	0.016666667	7.282681e-08
1083	OTU_1078	0.016666667	7.868076e-08
1084	OTU_8625	0.016666667	6.622144e-08
1085	OTU_5575	0.016666667	8.650206e-08
1086	OTU_11632	0.016666667	1.137984e-07
1087	OTU_1420	0.008333333	8.160214e-08
1088	OTU_4960	0.016666667	8.632936e-08
1089	OTU_1487	0.016666667	5.798233e-08
1090	OTU_2673	0.016666667	8.841025e-08
1091	OTU_1834	0.016666667	1.539687e-07
1092	OTU_1791	0.016666667	6.617776e-08
1093	OTU_1394	0.016666667	6.253405e-08
1094	OTU_3344	0.008333333	1.768647e-07
1095	OTU_4402	0.008333333	3.376991e-08
1096	OTU_1097	0.016666667	1.387364e-07
1097	OTU_3154	0.016666667	4.055572e-08
1098	OTU_2970	0.008333333	1.430235e-07
1099	OTU_4294	0.016666667	6.465530e-08
1100	OTU_11399	0.016666667	1.050053e-07
1101	OTU_12667	0.016666667	4.479639e-08
1102	OTU_4859	0.008333333	1.753851e-07
1103	OTU_13067	0.008333333	2.227330e-07
1104	OTU_7636	0.016666667	1.367367e-07
1105	OTU_10979	0.016666667	9.202148e-08
1106	OTU_1605	0.008333333	1.025174e-07
1107	OTU_734	0.016666667	8.261150e-08
1108	OTU_2022	0.008333333	2.293473e-07
1109	OTU_6097	0.016666667	6.656743e-08
1110	OTU_1667	0.016666667	1.283763e-07
1111	OTU_4318	0.016666667	1.199944e-07
1112	OTU_3556	0.016666667	9.655201e-08
1113	OTU_3972	0.008333333	6.324463e-08
1114	OTU_2041	0.016666667	1.924204e-07
1115	OTU_3855	0.016666667	6.300024e-08
1116	OTU_10894	0.016666667	3.751678e-08
1117	OTU_3278	0.008333333	4.403381e-08
1118	OTU_4959	0.008333333	4.539829e-08
1119	OTU_7850	0.008333333	5.047400e-08
1120	OTU_4860	0.016666667	1.146764e-07
1121	OTU_2822	0.008333333	1.058988e-07
1122	OTU_8351	0.016666667	8.848094e-08
1123	OTU_1173	0.016666667	1.322749e-07
1124	OTU_4667	0.008333333	4.573854e-07
1125	OTU_3663	0.008333333	7.978566e-08
1126	OTU_12131	0.016666667	1.318192e-07
1127	OTU_3291	0.016666667	9.494363e-08
1128	OTU_5412	0.016666667	1.430770e-07
1129	OTU_2644	0.016666667	1.513390e-07
1130	OTU_5185	0.016666667	1.108280e-07
1131	OTU_8203	0.008333333	2.452964e-07
1132	OTU_9968	0.016666667	7.665826e-08
1133	OTU_3980	0.016666667	1.067076e-07
1134	OTU_5452	0.016666667	1.552902e-07
1135	OTU_4463	0.008333333	1.176376e-07
1136	OTU_7197	0.016666667	1.210901e-07
1137	OTU_5189	0.016666667	1.264389e-07
1138	OTU_6703	0.016666667	5.640582e-08
1139	OTU_6131	0.008333333	4.539829e-08
1140	OTU_10106	0.008333333	5.769408e-08
1141	OTU_5285	0.008333333	1.056926e-07
1142	OTU_10887	0.008333333	1.266570e-07
1143	OTU_13796	0.008333333	1.058988e-07
1144	OTU_11586	0.008333333	1.254349e-07
1145	OTU_11795	0.008333333	7.452220e-08
1146	OTU_11400	0.008333333	1.040184e-07
1147	OTU_51	0.008333333	7.626299e-08
1148	OTU_127	0.008333333	2.269915e-08
1149	OTU_138	0.008333333	4.080107e-08
1150	OTU_220	0.008333333	7.359261e-08
1151	OTU_113	0.008333333	4.590599e-09
1152	OTU_6046	0.008333333	8.786265e-08
1153	OTU_184	0.008333333	3.596512e-08
1154	OTU_210	0.008333333	2.764380e-08
1155	OTU_293	0.008333333	2.755878e-08
1156	OTU_419	0.008333333	2.706375e-08
1157	OTU_1556	0.008333333	6.743870e-08
1158	OTU_117	0.008333333	4.321954e-08
1159	OTU_188	0.008333333	1.113665e-07
1160	OTU_1107	0.008333333	3.989283e-08
1161	OTU_294	0.008333333	2.884704e-08
1162	OTU_2747	0.008333333	2.764380e-08
1163	OTU_8416	0.008333333	5.881882e-08
1164	OTU_3491	0.008333333	3.706076e-08
1165	OTU_245	0.008333333	9.922407e-08
1166	OTU_276	0.008333333	4.316470e-08
1167	OTU_116	0.008333333	2.755878e-08
1168	OTU_530	0.008333333	4.529330e-08
1169	OTU_259	0.008333333	7.359261e-08
1170	OTU_191	0.008333333	5.273427e-08
1171	OTU_519	0.008333333	3.380978e-08
1172	OTU_312	0.008333333	3.529458e-08
1173	OTU_277	0.008333333	3.792119e-08
1174	OTU_612	0.008333333	2.755878e-08
1175	OTU_13154	0.008333333	2.684129e-08
1176	OTU_266	0.008333333	4.651232e-08
1177	OTU_1320	0.008333333	6.835588e-08
1178	OTU_267	0.008333333	2.764380e-08
1179	OTU_698	0.008333333	8.769253e-08
1180	OTU_281	0.008333333	2.884704e-08
1181	OTU_4356	0.008333333	2.970261e-08
1182	OTU_454	0.008333333	5.125871e-08
1183	OTU_261	0.008333333	5.125871e-08
1184	OTU_1189	0.008333333	1.191634e-07
1185	OTU_407	0.008333333	2.764380e-08
1186	OTU_11140	0.008333333	8.167933e-08
1187	OTU_10805	0.008333333	5.125871e-08
1188	OTU_358	0.008333333	4.627008e-08
1189	OTU_8191	0.008333333	3.792119e-08
1190	OTU_516	0.008333333	6.522545e-08
1191	OTU_1797	0.008333333	5.381587e-08
1192	OTU_12740	0.008333333	4.627008e-08
1193	OTU_2690	0.008333333	6.989468e-08
1194	OTU_229	0.008333333	4.590599e-09
1195	OTU_1061	0.008333333	5.125871e-08
1196	OTU_382	0.008333333	5.125871e-08
1197	OTU_324	0.008333333	8.769253e-08
1198	OTU_224	0.008333333	7.359261e-08
1199	OTU_12249	0.008333333	2.523700e-08
1200	OTU_366	0.008333333	4.590599e-09
1201	OTU_430	0.008333333	4.478746e-08
1202	OTU_1018	0.008333333	3.363809e-08
1203	OTU_833	0.008333333	1.481763e-08
1204	OTU_484	0.008333333	5.125871e-08
1205	OTU_1480	0.008333333	5.211493e-08
1206	OTU_1177	0.008333333	1.038901e-07
1207	OTU_1012	0.008333333	2.624564e-08
1208	OTU_3130	0.008333333	1.481763e-08
1209	OTU_903	0.008333333	5.125871e-08
1210	OTU_1143	0.008333333	4.042678e-08
1211	OTU_13235	0.008333333	3.792119e-08
1212	OTU_1684	0.008333333	1.481763e-08
1213	OTU_1124	0.008333333	3.989283e-08
1214	OTU_2365	0.008333333	3.989283e-08
1215	OTU_6780	0.008333333	3.156207e-08
1216	OTU_1629	0.008333333	2.755878e-08
1217	OTU_199	0.008333333	5.294939e-08
1218	OTU_453	0.008333333	5.388024e-08
1219	OTU_1202	0.008333333	3.792119e-08
1220	OTU_339	0.008333333	1.042435e-07
1221	OTU_941	0.008333333	2.755878e-08
1222	OTU_798	0.008333333	4.080107e-08
1223	OTU_427	0.008333333	3.596512e-08
1224	OTU_1207	0.008333333	2.755878e-08
1225	OTU_809	0.008333333	6.271747e-08
1226	OTU_864	0.008333333	6.989468e-08
1227	OTU_9765	0.008333333	8.242256e-08
1228	OTU_584	0.008333333	1.146736e-07
1229	OTU_372	0.008333333	2.624564e-08
1230	OTU_472	0.008333333	5.991497e-08
1231	OTU_369	0.008333333	1.226482e-07
1232	OTU_500	0.008333333	2.523700e-08
1233	OTU_1427	0.008333333	3.363809e-08
1234	OTU_526	0.008333333	3.041318e-08
1235	OTU_9225	0.008333333	4.609527e-08
1236	OTU_12662	0.008333333	4.627008e-08
1237	OTU_609	0.008333333	1.481763e-08
1238	OTU_315	0.008333333	1.042435e-07
1239	OTU_387	0.008333333	6.332850e-08
1240	OTU_10663	0.008333333	3.349357e-08
1241	OTU_518	0.008333333	4.843131e-08
1242	OTU_603	0.008333333	4.627008e-08
1243	OTU_795	0.008333333	1.226482e-07
1244	OTU_1020	0.008333333	2.913712e-08
1245	OTU_504	0.008333333	3.363809e-08
1246	OTU_12004	0.008333333	3.529458e-08
1247	OTU_9020	0.008333333	1.688496e-08
1248	OTU_802	0.008333333	4.316470e-08
1249	OTU_13191	0.008333333	2.624564e-08
1250	OTU_455	0.008333333	3.363809e-08
1251	OTU_3630	0.008333333	5.125871e-08
1252	OTU_495	0.008333333	5.195896e-08
1253	OTU_5340	0.008333333	2.684129e-08
1254	OTU_1190	0.008333333	3.792119e-08
1255	OTU_940	0.008333333	4.020579e-08
1256	OTU_292	0.008333333	3.349357e-08
1257	OTU_769	0.008333333	2.706375e-08
1258	OTU_9367	0.008333333	7.151173e-08
1259	OTU_2253	0.008333333	4.042678e-08
1260	OTU_542	0.008333333	1.481763e-08
1261	OTU_13118	0.008333333	4.529330e-08
1262	OTU_12754	0.008333333	2.884704e-08
1263	OTU_1157	0.008333333	6.681473e-08
1264	OTU_572	0.008333333	4.080107e-08
1265	OTU_4563	0.008333333	3.749363e-08
1266	OTU_527	0.008333333	4.316470e-08
1267	OTU_3800	0.008333333	4.080107e-08
1268	OTU_724	0.008333333	8.242256e-08
1269	OTU_1847	0.008333333	5.195896e-08
1270	OTU_970	0.008333333	6.849071e-08
1271	OTU_1593	0.008333333	2.269915e-08
1272	OTU_502	0.008333333	1.481763e-08
1273	OTU_4867	0.008333333	1.490864e-07
1274	OTU_13418	0.008333333	3.749363e-08
1275	OTU_623	0.008333333	4.020579e-08
1276	OTU_2142	0.008333333	1.226482e-07
1277	OTU_5371	0.008333333	3.989283e-08
1278	OTU_796	0.008333333	3.989283e-08
1279	OTU_2250	0.008333333	2.966211e-08
1280	OTU_1193	0.008333333	7.626299e-08
1281	OTU_1530	0.008333333	1.042435e-07
1282	OTU_922	0.008333333	3.332800e-08
1283	OTU_2606	0.008333333	6.743870e-08
1284	OTU_6857	0.008333333	5.125871e-08
1285	OTU_487	0.008333333	5.881882e-08
1286	OTU_849	0.008333333	3.792119e-08
1287	OTU_1067	0.008333333	4.529330e-08
1288	OTU_627	0.008333333	6.681473e-08
1289	OTU_7838	0.008333333	5.381587e-08
1290	OTU_1069	0.008333333	3.380978e-08
1291	OTU_1023	0.008333333	6.955748e-08
1292	OTU_597	0.008333333	4.627008e-08
1293	OTU_1497	0.008333333	4.042678e-08
1294	OTU_759	0.008333333	2.755878e-08
1295	OTU_1276	0.008333333	3.380978e-08
1296	OTU_8577	0.008333333	6.849071e-08
1297	OTU_739	0.008333333	2.684129e-08
1298	OTU_551	0.008333333	2.950667e-08
1299	OTU_564	0.008333333	2.706375e-08
1300	OTU_673	0.008333333	3.706076e-08
1301	OTU_586	0.008333333	5.195896e-08
1302	OTU_863	0.008333333	3.041318e-08
1303	OTU_5230	0.008333333	1.490864e-07
1304	OTU_937	0.008333333	6.849071e-08
1305	OTU_932	0.008333333	3.749363e-08
1306	OTU_647	0.008333333	6.989468e-08
1307	OTU_582	0.008333333	4.627008e-08
1308	OTU_1673	0.008333333	3.580826e-08
1309	OTU_694	0.008333333	2.764380e-08
1310	OTU_756	0.008333333	3.449284e-08
1311	OTU_1028	0.008333333	8.242256e-08
1312	OTU_644	0.008333333	4.316470e-08
1313	OTU_9239	0.008333333	7.626299e-08
1314	OTU_8918	0.008333333	4.590599e-09
1315	OTU_370	0.008333333	3.156207e-08
1316	OTU_9658	0.008333333	1.997395e-07
1317	OTU_491	0.008333333	3.380978e-08
1318	OTU_1413	0.008333333	5.388024e-08
1319	OTU_740	0.008333333	5.991497e-08
1320	OTU_879	0.008333333	1.068157e-07
1321	OTU_1010	0.008333333	5.125871e-08
1322	OTU_610	0.008333333	3.580826e-08
1323	OTU_3233	0.008333333	2.411942e-08
1324	OTU_720	0.008333333	1.481763e-08
1325	OTU_1115	0.008333333	2.764380e-08
1326	OTU_1178	0.008333333	1.580138e-07
1327	OTU_662	0.008333333	2.624564e-08
1328	OTU_11480	0.008333333	5.881882e-08
1329	OTU_364	0.008333333	5.200922e-08
1330	OTU_10597	0.008333333	1.688496e-08
1331	OTU_722	0.008333333	6.835588e-08
1332	OTU_872	0.008333333	3.529458e-08
1333	OTU_1299	0.008333333	3.792119e-08
1334	OTU_1021	0.008333333	3.596512e-08
1335	OTU_716	0.008333333	5.388024e-08
1336	OTU_4449	0.008333333	3.380978e-08
1337	OTU_5207	0.008333333	8.242256e-08
1338	OTU_8050	0.008333333	5.211493e-08
1339	OTU_3984	0.008333333	5.388024e-08
1340	OTU_2421	0.008333333	4.042678e-08
1341	OTU_1803	0.008333333	1.580138e-07
1342	OTU_1287	0.008333333	3.726110e-08
1343	OTU_844	0.008333333	4.316470e-08
1344	OTU_12367	0.008333333	2.884704e-08
1345	OTU_810	0.008333333	3.363809e-08
1346	OTU_1324	0.008333333	1.890309e-08
1347	OTU_1515	0.008333333	4.590599e-09
1348	OTU_1221	0.008333333	2.755878e-08
1349	OTU_2608	0.008333333	3.706076e-08
1350	OTU_2081	0.008333333	1.481763e-08
1351	OTU_1338	0.008333333	1.481763e-08
1352	OTU_3617	0.008333333	2.755878e-08
1353	OTU_715	0.008333333	8.786265e-08
1354	OTU_927	0.008333333	1.226482e-07
1355	OTU_2103	0.008333333	4.080107e-08
1356	OTU_2040	0.008333333	8.843234e-08
1357	OTU_1327	0.008333333	1.481763e-08
1358	OTU_1732	0.008333333	3.706076e-08
1359	OTU_5869	0.008333333	7.359261e-08
1360	OTU_2742	0.008333333	6.271747e-08
1361	OTU_2726	0.008333333	3.706076e-08
1362	OTU_1698	0.008333333	3.596512e-08
1363	OTU_648	0.008333333	4.080107e-08
1364	OTU_3643	0.008333333	4.651232e-08
1365	OTU_7459	0.008333333	2.950667e-08
1366	OTU_2786	0.008333333	1.068157e-07
1367	OTU_13249	0.008333333	7.359261e-08
1368	OTU_1671	0.008333333	8.547798e-08
1369	OTU_1042	0.008333333	1.042435e-07
1370	OTU_9166	0.008333333	4.627008e-08
1371	OTU_12138	0.008333333	4.478746e-08
1372	OTU_10593	0.008333333	4.590599e-09
1373	OTU_1393	0.008333333	1.481763e-08
1374	OTU_653	0.008333333	4.843131e-08
1375	OTU_982	0.008333333	4.651232e-08
1376	OTU_736	0.008333333	8.242256e-08
1377	OTU_2739	0.008333333	9.966552e-08
1378	OTU_3409	0.008333333	2.269915e-08
1379	OTU_1449	0.008333333	3.041318e-08
1380	OTU_767	0.008333333	5.125871e-08
1381	OTU_1241	0.008333333	5.881882e-08
1382	OTU_1389	0.008333333	4.529330e-08
1383	OTU_897	0.008333333	2.684129e-08
1384	OTU_1182	0.008333333	6.849071e-08
1385	OTU_857	0.008333333	4.321954e-08
1386	OTU_12514	0.008333333	3.380978e-08
1387	OTU_1843	0.008333333	7.359261e-08
1388	OTU_3127	0.008333333	3.041318e-08
1389	OTU_4781	0.008333333	5.294939e-08
1390	OTU_1533	0.008333333	6.271747e-08
1391	OTU_2620	0.008333333	5.881882e-08
1392	OTU_7395	0.008333333	1.688496e-08
1393	OTU_886	0.008333333	4.392369e-08
1394	OTU_1912	0.008333333	2.269915e-08
1395	OTU_1424	0.008333333	4.080107e-08
1396	OTU_13267	0.008333333	2.269915e-08
1397	OTU_1181	0.008333333	5.211493e-08
1398	OTU_1703	0.008333333	1.042435e-07
1399	OTU_926	0.008333333	8.769253e-08
1400	OTU_5712	0.008333333	4.238402e-08
1401	OTU_1513	0.008333333	3.596512e-08
1402	OTU_986	0.008333333	2.966211e-08
1403	OTU_2853	0.008333333	5.881882e-08
1404	OTU_12875	0.008333333	1.728502e-08
1405	OTU_1418	0.008333333	2.523700e-08
1406	OTU_1442	0.008333333	2.624564e-08
1407	OTU_1062	0.008333333	2.624564e-08
1408	OTU_1088	0.008333333	2.523700e-08
1409	OTU_783	0.008333333	4.392369e-08
1410	OTU_1031	0.008333333	6.835588e-08
1411	OTU_2966	0.008333333	4.529330e-08
1412	OTU_7597	0.008333333	3.596512e-08
1413	OTU_2998	0.008333333	1.481763e-08
1414	OTU_6743	0.008333333	2.966211e-08
1415	OTU_1543	0.008333333	2.755878e-08
1416	OTU_705	0.008333333	4.238402e-08
1417	OTU_7347	0.008333333	4.042678e-08
1418	OTU_2700	0.008333333	2.523700e-08
1419	OTU_1808	0.008333333	2.913712e-08
1420	OTU_1055	0.008333333	3.629674e-08
1421	OTU_5951	0.008333333	5.211493e-08
1422	OTU_1100	0.008333333	2.706375e-08
1423	OTU_1197	0.008333333	5.273427e-08
1424	OTU_4501	0.008333333	3.629674e-08
1425	OTU_2071	0.008333333	2.624564e-08
1426	OTU_1073	0.008333333	3.349357e-08
1427	OTU_3080	0.008333333	1.481763e-08
1428	OTU_1368	0.008333333	5.265863e-08
1429	OTU_1066	0.008333333	6.271747e-08
1430	OTU_7830	0.008333333	2.706375e-08
1431	OTU_2876	0.008333333	9.731917e-09
1432	OTU_1091	0.008333333	3.792119e-08
1433	OTU_1149	0.008333333	3.363809e-08
1434	OTU_8222	0.008333333	4.042678e-08
1435	OTU_1171	0.008333333	3.596512e-08
1436	OTU_837	0.008333333	6.849071e-08
1437	OTU_4668	0.008333333	4.627008e-08
1438	OTU_5367	0.008333333	3.449284e-08
1439	OTU_1506	0.008333333	4.627008e-08
1440	OTU_1886	0.008333333	2.269915e-08
1441	OTU_1119	0.008333333	3.363809e-08
1442	OTU_773	0.008333333	5.211493e-08
1443	OTU_1275	0.008333333	9.922407e-08
1444	OTU_9202	0.008333333	2.884704e-08
1445	OTU_617	0.008333333	8.843234e-08
1446	OTU_7496	0.008333333	3.449284e-08
1447	OTU_1001	0.008333333	5.881882e-08
1448	OTU_4491	0.008333333	3.349357e-08
1449	OTU_1852	0.008333333	5.381587e-08
1450	OTU_12881	0.008333333	5.294939e-08
1451	OTU_1179	0.008333333	4.478746e-08
1452	OTU_2364	0.008333333	5.125871e-08
1453	OTU_1195	0.008333333	2.913712e-08
1454	OTU_1040	0.008333333	3.380978e-08
1455	OTU_12747	0.008333333	6.332850e-08
1456	OTU_3676	0.008333333	4.316470e-08
1457	OTU_2288	0.008333333	1.146736e-07
1458	OTU_8283	0.008333333	2.624564e-08
1459	OTU_3308	0.008333333	3.700677e-08
1460	OTU_1502	0.008333333	2.884704e-08
1461	OTU_7864	0.008333333	3.629674e-08
1462	OTU_2439	0.008333333	9.922407e-08
1463	OTU_2140	0.008333333	2.706375e-08
1464	OTU_3548	0.008333333	6.849071e-08
1465	OTU_8399	0.008333333	1.997395e-07
1466	OTU_1809	0.008333333	1.728502e-08
1467	OTU_1767	0.008333333	2.966211e-08
1468	OTU_1170	0.008333333	8.547798e-08
1469	OTU_13050	0.008333333	8.242256e-08
1470	OTU_1017	0.008333333	3.989283e-08
1471	OTU_2247	0.008333333	4.020579e-08
1472	OTU_4094	0.008333333	5.881882e-08
1473	OTU_1281	0.008333333	5.881882e-08
1474	OTU_1555	0.008333333	3.792119e-08
1475	OTU_1746	0.008333333	4.020579e-08
1476	OTU_1632	0.008333333	2.684129e-08
1477	OTU_11541	0.008333333	3.162231e-08
1478	OTU_6555	0.008333333	6.332850e-08
1479	OTU_2321	0.008333333	3.706076e-08
1480	OTU_3275	0.008333333	3.041318e-08
1481	OTU_4047	0.008333333	4.651232e-08
1482	OTU_1959	0.008333333	3.569277e-08
1483	OTU_11890	0.008333333	2.269915e-08
1484	OTU_12536	0.008333333	1.580138e-07
1485	OTU_1591	0.008333333	7.760167e-08
1486	OTU_12679	0.008333333	4.627008e-08
1487	OTU_1293	0.008333333	5.125871e-08
1488	OTU_1328	0.008333333	2.523700e-08
1489	OTU_5640	0.008333333	2.706375e-08
1490	OTU_945	0.008333333	7.760167e-08
1491	OTU_2237	0.008333333	2.624564e-08
1492	OTU_1994	0.008333333	2.523700e-08
1493	OTU_1755	0.008333333	4.529330e-08
1494	OTU_3000	0.008333333	2.755878e-08
1495	OTU_2094	0.008333333	3.363809e-08
1496	OTU_2008	0.008333333	2.624564e-08
1497	OTU_11490	0.008333333	3.706076e-08
1498	OTU_3262	0.008333333	5.991497e-08
1499	OTU_1595	0.008333333	5.881882e-08
1500	OTU_2814	0.008333333	4.042678e-08
1501	OTU_1278	0.008333333	2.764380e-08
1502	OTU_9688	0.008333333	3.629674e-08
1503	OTU_2268	0.008333333	2.684129e-08
1504	OTU_2007	0.008333333	5.388024e-08
1505	OTU_7557	0.008333333	3.580826e-08
1506	OTU_3297	0.008333333	2.684129e-08
1507	OTU_1239	0.008333333	5.125871e-08
1508	OTU_3826	0.008333333	5.991497e-08
1509	OTU_1756	0.008333333	6.849071e-08
1510	OTU_10621	0.008333333	8.786265e-08
1511	OTU_6331	0.008333333	2.764380e-08
1512	OTU_1536	0.008333333	5.381587e-08
1513	OTU_2551	0.008333333	5.125871e-08
1514	OTU_1321	0.008333333	5.125871e-08
1515	OTU_2194	0.008333333	3.596512e-08
1516	OTU_1572	0.008333333	5.931494e-08
1517	OTU_1773	0.008333333	6.332850e-08
1518	OTU_2255	0.008333333	4.316470e-08
1519	OTU_2374	0.008333333	3.989283e-08
1520	OTU_953	0.008333333	4.392369e-08
1521	OTU_4773	0.008333333	2.755878e-08
1522	OTU_3158	0.008333333	7.626299e-08
1523	OTU_5072	0.008333333	8.316202e-08
1524	OTU_3524	0.008333333	3.140175e-08
1525	OTU_1719	0.008333333	1.580138e-07
1526	OTU_1941	0.008333333	5.881882e-08
1527	OTU_2193	0.008333333	3.380978e-08
1528	OTU_1844	0.008333333	6.955748e-08
1529	OTU_11866	0.008333333	2.684129e-08
1530	OTU_6657	0.008333333	4.152382e-08
1531	OTU_2922	0.008333333	3.580826e-08
1532	OTU_3170	0.008333333	6.522545e-08
1533	OTU_1709	0.008333333	9.922407e-08
1534	OTU_1156	0.008333333	5.273427e-08
1535	OTU_2650	0.008333333	4.392369e-08
1536	OTU_2025	0.008333333	5.200922e-08
1537	OTU_2579	0.008333333	2.913712e-08
1538	OTU_2547	0.008333333	3.596512e-08
1539	OTU_13828	0.008333333	2.950667e-08
1540	OTU_6264	0.008333333	3.529458e-08
1541	OTU_2763	0.008333333	3.706076e-08
1542	OTU_12438	0.008333333	6.271747e-08
1543	OTU_13756	0.008333333	6.332850e-08
1544	OTU_8397	0.008333333	6.955748e-08
1545	OTU_6636	0.008333333	1.191634e-07
1546	OTU_2964	0.008333333	5.881882e-08
1547	OTU_4438	0.008333333	8.242256e-08
1548	OTU_5142	0.008333333	2.269915e-08
1549	OTU_3382	0.008333333	3.041318e-08
1550	OTU_1739	0.008333333	5.991497e-08
1551	OTU_3255	0.008333333	1.580138e-07
1552	OTU_2869	0.008333333	3.989283e-08
1553	OTU_5964	0.008333333	9.966552e-08
1554	OTU_13287	0.008333333	6.955748e-08
1555	OTU_2767	0.008333333	2.269915e-08
1556	OTU_1388	0.008333333	2.684129e-08
1557	OTU_1826	0.008333333	4.843131e-08
1558	OTU_7490	0.008333333	1.688496e-08
1559	OTU_2743	0.008333333	1.481763e-08
1560	OTU_4534	0.008333333	5.125871e-08
1561	OTU_4768	0.008333333	3.749363e-08
1562	OTU_1892	0.008333333	3.726110e-08
1563	OTU_3063	0.008333333	8.242256e-08
1564	OTU_2499	0.008333333	5.211493e-08
1565	OTU_12280	0.008333333	1.728502e-08
1566	OTU_9659	0.008333333	6.271747e-08
1567	OTU_1630	0.008333333	5.125871e-08
1568	OTU_4780	0.008333333	2.523700e-08
1569	OTU_2112	0.008333333	7.151173e-08
1570	OTU_2171	0.008333333	3.596512e-08
1571	OTU_3328	0.008333333	2.966211e-08
1572	OTU_1982	0.008333333	5.125871e-08
1573	OTU_4965	0.008333333	4.392369e-08
1574	OTU_2930	0.008333333	6.849071e-08
1575	OTU_2577	0.008333333	5.125871e-08
1576	OTU_4939	0.008333333	4.529330e-08
1577	OTU_10992	0.008333333	3.706076e-08
1578	OTU_2649	0.008333333	7.151173e-08
1579	OTU_1246	0.008333333	1.481763e-08
1580	OTU_2797	0.008333333	3.792119e-08
1581	OTU_2701	0.008333333	4.080107e-08
1582	OTU_2093	0.008333333	1.113665e-07
1583	OTU_11897	0.008333333	5.991497e-08
1584	OTU_4685	0.008333333	5.200922e-08
1585	OTU_2708	0.008333333	2.710485e-08
1586	OTU_2346	0.008333333	5.858643e-07
1587	OTU_7075	0.008333333	4.627008e-08
1588	OTU_4656	0.008333333	2.523700e-08
1589	OTU_4378	0.008333333	2.286927e-07
1590	OTU_4158	0.008333333	2.755878e-08
1591	OTU_6478	0.008333333	1.481763e-08
1592	OTU_1751	0.008333333	1.038901e-07
1593	OTU_1712	0.008333333	4.042678e-08
1594	OTU_3248	0.008333333	3.349357e-08
1595	OTU_2356	0.008333333	2.624564e-08
1596	OTU_4795	0.008333333	3.349357e-08
1597	OTU_3196	0.008333333	1.481763e-08
1598	OTU_2723	0.008333333	4.590599e-09
1599	OTU_2544	0.008333333	3.449284e-08
1600	OTU_5860	0.008333333	2.523700e-08
1601	OTU_3305	0.008333333	2.913712e-08
1602	OTU_3290	0.008333333	2.523700e-08
1603	OTU_2481	0.008333333	1.068157e-07
1604	OTU_4437	0.008333333	2.966211e-08
1605	OTU_2311	0.008333333	7.760167e-08
1606	OTU_7594	0.008333333	4.316470e-08
1607	OTU_4464	0.008333333	4.042678e-08
1608	OTU_1823	0.008333333	1.997395e-07
1609	OTU_3399	0.008333333	4.843131e-08
1610	OTU_8926	0.008333333	4.020579e-08
1611	OTU_6496	0.008333333	2.684129e-08
1612	OTU_10819	0.008333333	8.316202e-08
1613	OTU_1675	0.008333333	2.966211e-08
1614	OTU_7227	0.008333333	3.700677e-08
1615	OTU_12929	0.008333333	4.316470e-08
1616	OTU_1922	0.008333333	3.749363e-08
1617	OTU_3042	0.008333333	4.627008e-08
1618	OTU_2482	0.008333333	3.449284e-08
1619	OTU_2717	0.008333333	5.125871e-08
1620	OTU_6339	0.008333333	2.286927e-07
1621	OTU_3100	0.008333333	3.596512e-08
1622	OTU_3299	0.008333333	3.041318e-08
1623	OTU_7253	0.008333333	2.970261e-08
1624	OTU_5323	0.008333333	6.681473e-08
1625	OTU_4111	0.008333333	3.363809e-08
1626	OTU_2961	0.008333333	6.849071e-08
1627	OTU_6250	0.008333333	5.265863e-08
1628	OTU_5910	0.008333333	2.884704e-08
1629	OTU_2077	0.008333333	3.349357e-08
1630	OTU_2983	0.008333333	2.624564e-08
1631	OTU_10312	0.008333333	5.211493e-08
1632	OTU_4009	0.008333333	2.884704e-08
1633	OTU_3352	0.008333333	3.706076e-08
1634	OTU_7192	0.008333333	2.684129e-08
1635	OTU_3118	0.008333333	2.966211e-08
1636	OTU_7396	0.008333333	2.966211e-08
1637	OTU_5442	0.008333333	2.684129e-08
1638	OTU_11775	0.008333333	2.408547e-08
1639	OTU_2640	0.008333333	5.991497e-08
1640	OTU_2881	0.008333333	4.651232e-08
1641	OTU_3387	0.008333333	6.849071e-08
1642	OTU_8972	0.008333333	2.970261e-08
1643	OTU_11618	0.008333333	2.764380e-08
1644	OTU_2370	0.008333333	1.038901e-07
1645	OTU_3360	0.008333333	1.481763e-08
1646	OTU_4451	0.008333333	3.989283e-08
1647	OTU_7556	0.008333333	2.913712e-08
1648	OTU_6924	0.008333333	6.332850e-08
1649	OTU_4748	0.008333333	1.580138e-07
1650	OTU_3471	0.008333333	3.380978e-08
1651	OTU_8784	0.008333333	6.955748e-08
1652	OTU_3996	0.008333333	6.849071e-08
1653	OTU_5382	0.008333333	8.547798e-08
1654	OTU_4385	0.008333333	1.042435e-07
1655	OTU_3963	0.008333333	4.627008e-08
1656	OTU_2625	0.008333333	2.624564e-08
1657	OTU_5682	0.008333333	2.684129e-08
1658	OTU_4868	0.008333333	5.881882e-08
1659	OTU_8569	0.008333333	3.041318e-08
1660	OTU_3508	0.008333333	1.191634e-07
1661	OTU_4528	0.008333333	5.125871e-08
1662	OTU_3545	0.008333333	3.629674e-08
1663	OTU_4123	0.008333333	3.156207e-08
1664	OTU_12191	0.008333333	6.271747e-08
1665	OTU_7661	0.008333333	5.211493e-08
1666	OTU_8661	0.008333333	3.349357e-08
1667	OTU_3993	0.008333333	1.481763e-08
1668	OTU_11071	0.008333333	1.469620e-07
1669	OTU_3053	0.008333333	3.363809e-08
1670	OTU_3052	0.008333333	8.843234e-08
1671	OTU_5006	0.008333333	4.392369e-08
1672	OTU_7433	0.008333333	2.710485e-08
1673	OTU_7863	0.008333333	3.792119e-08
1674	OTU_6935	0.008333333	4.020579e-08
1675	OTU_9755	0.008333333	8.786265e-08
1676	OTU_1830	0.008333333	4.724246e-08
1677	OTU_4079	0.008333333	2.269915e-08
1678	OTU_4670	0.008333333	5.881882e-08
1679	OTU_5209	0.008333333	1.481763e-08
1680	OTU_7793	0.008333333	2.684129e-08
1681	OTU_4138	0.008333333	6.039917e-08
1682	OTU_3708	0.008333333	1.481763e-08
1683	OTU_11602	0.008333333	2.684129e-08
1684	OTU_4546	0.008333333	2.286927e-07
1685	OTU_6696	0.008333333	4.843131e-08
1686	OTU_4360	0.008333333	8.769253e-08
1687	OTU_4069	0.008333333	6.522545e-08
1688	OTU_11830	0.008333333	8.843234e-08
1689	OTU_6989	0.008333333	3.156207e-08
1690	OTU_3884	0.008333333	2.269915e-08
1691	OTU_4109	0.008333333	2.764380e-08
1692	OTU_4259	0.008333333	6.522545e-08
1693	OTU_3860	0.008333333	5.273427e-08
1694	OTU_4520	0.008333333	9.731917e-09
1695	OTU_13583	0.008333333	6.733843e-08
1696	OTU_5020	0.008333333	3.449284e-08
1697	OTU_11894	0.008333333	3.580826e-08
1698	OTU_4152	0.008333333	4.843131e-08
1699	OTU_5976	0.008333333	2.269915e-08
1700	OTU_4453	0.008333333	3.363809e-08
1701	OTU_5027	0.008333333	8.786265e-08
1702	OTU_4192	0.008333333	3.958678e-08
1703	OTU_6260	0.008333333	3.706076e-08
1704	OTU_7707	0.008333333	6.332850e-08
1705	OTU_4556	0.008333333	5.125871e-08
1706	OTU_3378	0.008333333	3.041318e-08
1707	OTU_4529	0.008333333	3.529458e-08
1708	OTU_4211	0.008333333	5.125871e-08
1709	OTU_4280	0.008333333	3.162231e-08
1710	OTU_6287	0.008333333	9.731917e-09
1711	OTU_5931	0.008333333	1.688496e-08
1712	OTU_4450	0.008333333	3.792119e-08
1713	OTU_12111	0.008333333	3.449284e-08
1714	OTU_10575	0.008333333	5.273427e-08
1715	OTU_4573	0.008333333	5.881882e-08
1716	OTU_4813	0.008333333	6.849071e-08
1717	OTU_5152	0.008333333	4.152382e-08
1718	OTU_10612	0.008333333	4.651232e-08
1719	OTU_3546	0.008333333	2.286927e-07
1720	OTU_10965	0.008333333	6.332850e-08
1721	OTU_6975	0.008333333	3.140175e-08
1722	OTU_11445	0.008333333	5.200922e-08
1723	OTU_6149	0.008333333	4.843131e-08
1724	OTU_4498	0.008333333	3.349357e-08
1725	OTU_788	0.008333333	3.449284e-08
1726	OTU_13810	0.008333333	3.332800e-08
1727	OTU_8440	0.008333333	6.955748e-08
1728	OTU_4963	0.008333333	5.211493e-08
1729	OTU_6281	0.008333333	1.481763e-08
1730	OTU_9400	0.008333333	3.700677e-08
1731	OTU_5784	0.008333333	1.688496e-08
1732	OTU_5434	0.008333333	4.590599e-09
1733	OTU_8167	0.008333333	3.706076e-08
1734	OTU_4961	0.008333333	3.958678e-08
1735	OTU_5928	0.008333333	1.497514e-08
1736	OTU_6620	0.008333333	3.706076e-08
1737	OTU_9679	0.008333333	2.966211e-08
1738	OTU_9987	0.008333333	3.706076e-08
1739	OTU_8472	0.008333333	5.211493e-08
1740	OTU_7777	0.008333333	8.769253e-08
1741	OTU_1295	0.008333333	4.392369e-08
1742	OTU_3174	0.008333333	5.200922e-08
1743	OTU_3921	0.008333333	1.042435e-07
1744	OTU_6049	0.008333333	5.195896e-08
1745	OTU_12021	0.008333333	6.522545e-08
1746	OTU_13129	0.008333333	2.970261e-08
1747	OTU_10182	0.008333333	2.884704e-08
1748	OTU_3392	0.008333333	1.481763e-08
1749	OTU_1552	0.008333333	4.529330e-08
1750	OTU_6135	0.008333333	3.449284e-08
1751	OTU_7095	0.008333333	3.958678e-08
1752	OTU_9092	0.008333333	4.080107e-08
1753	OTU_7001	0.008333333	4.392369e-08
1754	OTU_11403	0.008333333	2.755878e-08
1755	OTU_11049	0.008333333	3.989283e-08
1756	OTU_11615	0.008333333	6.989468e-08
1757	OTU_11884	0.008333333	1.191634e-07
1758	OTU_9717	0.008333333	5.125871e-08
1759	OTU_9627	0.008333333	3.706076e-08
1760	OTU_7866	0.008333333	2.706375e-08
1761	OTU_9155	0.008333333	1.890309e-08
1762	OTU_10228	0.008333333	5.339690e-08
1763	OTU_7544	0.008333333	4.529330e-08
1764	OTU_6990	0.008333333	2.966211e-08
1765	OTU_7089	0.008333333	9.731917e-09
1766	OTU_7694	0.008333333	6.989468e-08
1767	OTU_8741	0.008333333	4.627008e-08
1768	OTU_3690	0.008333333	6.332850e-08
1769	OTU_8770	0.008333333	2.624564e-08
1770	OTU_10251	0.008333333	3.989283e-08
1771	OTU_10035	0.008333333	4.392369e-08
1772	OTU_13582	0.008333333	4.590599e-09
1773	OTU_13781	0.008333333	5.858643e-07
1774	OTU_8636	0.008333333	5.125871e-08
1775	OTU_12394	0.008333333	1.688496e-08
1776	OTU_4262	0.008333333	5.881882e-08
1777	OTU_9949	0.008333333	5.294939e-08
1778	OTU_13579	0.008333333	2.624564e-08
1779	OTU_12930	0.008333333	2.706375e-08
1780	OTU_13091	0.008333333	1.146736e-07
1781	OTU_2543	0.008333333	1.226482e-07
1782	OTU_12079	0.008333333	4.392369e-08
1783	OTU_4193	0.008333333	4.529330e-08
1784	OTU_6702	0.008333333	3.596512e-08
1785	OTU_11748	0.008333333	2.755878e-08
1786	OTU_2217	0.008333333	4.238402e-08
1787	OTU_6028	0.008333333	5.211493e-08
1788	OTU_13441	0.008333333	4.042678e-08
1789	OTU_6452	0.008333333	4.627008e-08
1790	OTU_12943	0.008333333	2.269915e-08
1791	OTU_11844	0.008333333	2.269915e-08
1792	OTU_13020	0.008333333	1.997395e-07
