	BS	P	LE	RS	RE	SE	VE
OTU_1	1	1	1	1	1	1	1
OTU_10	1	1	1	1	1	1	1
OTU_100	1	1	1	1	1	1	1
OTU_1001	1	1	1	1	1	1	1
OTU_10041	1	1	1	1	1	1	1
OTU_1009	1	1	1	1	1	1	1
OTU_101	1	1	1	1	1	1	1
OTU_1010	1	1	1	1	1	1	1
OTU_1011	1	1	1	1	1	1	1
OTU_1012	1	1	1	1	1	1	1
OTU_1015	1	1	1	1	1	1	1
OTU_1017	1	1	1	1	1	1	1
OTU_1018	1	1	1	1	1	1	1
OTU_102	1	1	1	1	1	1	1
OTU_1020	1	1	1	1	1	1	1
OTU_1021	1	1	1	1	1	1	1
OTU_1023	1	1	1	1	1	1	1
OTU_10233	1	1	1	1	1	1	1
OTU_10234	1	1	1	1	1	1	1
OTU_1026	1	1	1	1	1	1	1
OTU_10292	1	1	1	1	1	1	1
OTU_103	1	1	1	1	1	1	1
OTU_10313	1	1	1	1	1	1	1
OTU_1033	1	1	1	1	1	1	1
OTU_1035	1	1	1	1	1	1	1
OTU_10377	1	1	1	1	1	1	1
OTU_104	1	1	1	1	1	1	1
OTU_1040	1	1	1	1	1	1	1
OTU_1042	1	1	1	1	1	1	1
OTU_1045	1	1	1	1	1	1	1
OTU_1046	1	1	1	1	1	1	1
OTU_105	1	1	1	1	1	1	1
OTU_10504	1	1	1	1	1	1	1
OTU_10506	1	1	1	1	1	1	1
OTU_1053	1	1	1	1	1	1	1
OTU_10540	1	1	1	1	1	1	1
OTU_1055	1	1	1	1	1	1	1
OTU_10567	1	1	1	1	1	1	1
OTU_10578	1	1	1	1	1	1	1
OTU_10588	1	1	1	1	1	1	1
OTU_10593	1	1	1	1	1	1	1
OTU_10597	1	1	1	1	1	1	1
OTU_1061	1	1	1	1	1	1	1
OTU_10610	1	1	1	1	1	1	1
OTU_10612	1	1	1	1	1	1	1
OTU_1062	1	1	1	1	1	1	1
OTU_10631	1	1	1	1	1	1	1
OTU_1066	1	1	1	1	1	1	1
OTU_10663	1	1	1	1	1	1	1
OTU_1067	1	1	1	1	1	1	1
OTU_10686	1	1	1	1	1	1	1
OTU_1069	1	1	1	1	1	1	1
OTU_107	1	1	1	1	1	1	1
OTU_1072	1	1	1	1	1	1	1
OTU_10723	1	1	1	1	1	1	1
OTU_1075	1	1	1	1	1	1	1
OTU_1077	1	1	1	1	1	1	1
OTU_1078	1	1	1	1	1	1	1
OTU_108	1	1	1	1	1	1	1
OTU_1080	1	1	1	1	1	1	1
OTU_10805	1	1	1	1	1	1	1
OTU_1081	1	1	1	1	1	1	1
OTU_1085	1	1	1	1	1	1	1
OTU_1086	1	1	1	1	1	1	1
OTU_10883	1	1	1	1	1	1	1
OTU_10884	1	1	1	1	1	1	1
OTU_10888	1	1	1	1	1	1	1
OTU_10894	1	1	1	1	1	1	1
OTU_109	1	1	1	1	1	1	1
OTU_10929	1	1	1	1	1	1	1
OTU_10945	1	1	1	1	1	1	1
OTU_10950	1	1	1	1	1	1	1
OTU_10963	1	1	1	1	1	1	1
OTU_1097	1	1	1	1	1	1	1
OTU_10973	1	1	1	1	1	1	1
OTU_10979	1	1	1	1	1	1	1
OTU_10992	1	1	1	1	1	1	1
OTU_11	1	1	1	1	1	1	1
OTU_110	1	1	1	1	1	1	1
OTU_11053	1	1	1	1	1	1	1
OTU_1107	1	1	1	1	1	1	1
OTU_1108	1	1	1	1	1	1	1
OTU_11082	1	1	1	1	1	1	1
OTU_111	1	1	1	1	1	1	1
OTU_11140	1	1	1	1	1	1	1
OTU_1119	1	1	1	1	1	1	1
OTU_112	1	1	1	1	1	1	1
OTU_1121	1	1	1	1	1	1	1
OTU_1124	1	1	1	1	1	1	1
OTU_11288	1	1	1	1	1	1	1
OTU_11293	1	1	1	1	1	1	1
OTU_113	1	1	1	1	1	1	1
OTU_1131	1	1	1	1	1	1	1
OTU_1134	1	1	1	1	1	1	1
OTU_11360	1	1	1	1	1	1	1
OTU_11363	1	1	1	1	1	1	1
OTU_11384	1	1	1	1	1	1	1
OTU_11399	1	1	1	1	1	1	1
OTU_114	1	1	1	1	1	1	1
OTU_1140	1	1	1	1	1	1	1
OTU_11400	1	1	1	1	1	1	1
OTU_11402	1	1	1	1	1	1	1
OTU_11405	1	1	1	1	1	1	1
OTU_1142	1	1	1	1	1	1	1
OTU_1143	1	1	1	1	1	1	1
OTU_11445	1	1	1	1	1	1	1
OTU_11456	1	1	1	1	1	1	1
OTU_11480	1	1	1	1	1	1	1
OTU_1149	1	1	1	1	1	1	1
OTU_11490	1	1	1	1	1	1	1
OTU_115	1	1	1	1	1	1	1
OTU_11529	1	1	1	1	1	1	1
OTU_11541	1	1	1	1	1	1	1
OTU_1157	1	1	1	1	1	1	1
OTU_1158	1	1	1	1	1	1	1
OTU_1159	1	1	1	1	1	1	1
OTU_116	1	1	1	1	1	1	1
OTU_1162	1	1	1	1	1	1	1
OTU_11632	1	1	1	1	1	1	1
OTU_117	1	1	1	1	1	1	1
OTU_1170	1	1	1	1	1	1	1
OTU_1173	1	1	1	1	1	1	1
OTU_1174	1	1	1	1	1	1	1
OTU_11740	1	1	1	1	1	1	1
OTU_11742	1	1	1	1	1	1	1
OTU_11743	1	1	1	1	1	1	1
OTU_1176	1	1	1	1	1	1	1
OTU_1177	1	1	1	1	1	1	1
OTU_11775	1	1	1	1	1	1	1
OTU_1178	1	1	1	1	1	1	1
OTU_118	1	1	1	1	1	1	1
OTU_1181	1	1	1	1	1	1	1
OTU_1182	1	1	1	1	1	1	1
OTU_11823	1	1	1	1	1	1	1
OTU_11824	1	1	1	1	1	1	1
OTU_11825	1	1	1	1	1	1	1
OTU_11830	1	1	1	1	1	1	1
OTU_11839	1	1	1	1	1	1	1
OTU_11849	1	1	1	1	1	1	1
OTU_1185	1	1	1	1	1	1	1
OTU_11854	1	1	1	1	1	1	1
OTU_1186	1	1	1	1	1	1	1
OTU_11861	1	1	1	1	1	1	1
OTU_11864	1	1	1	1	1	1	1
OTU_11866	1	1	1	1	1	1	1
OTU_11875	1	1	1	1	1	1	1
OTU_11888	1	1	1	1	1	1	1
OTU_11889	1	1	1	1	1	1	1
OTU_1189	1	1	1	1	1	1	1
OTU_11890	1	1	1	1	1	1	1
OTU_119	1	1	1	1	1	1	1
OTU_1190	1	1	1	1	1	1	1
OTU_1193	1	1	1	1	1	1	1
OTU_1197	1	1	1	1	1	1	1
OTU_11979	1	1	1	1	1	1	1
OTU_1199	1	1	1	1	1	1	1
OTU_12	1	1	1	1	1	1	1
OTU_120	1	1	1	1	1	1	1
OTU_1200	1	1	1	1	1	1	1
OTU_12004	1	1	1	1	1	1	1
OTU_1202	1	1	1	1	1	1	1
OTU_1207	1	1	1	1	1	1	1
OTU_1208	1	1	1	1	1	1	1
OTU_121	1	1	1	1	1	1	1
OTU_12138	1	1	1	1	1	1	1
OTU_1214	1	1	1	1	1	1	1
OTU_1216	1	1	1	1	1	1	1
OTU_1218	1	1	1	1	1	1	1
OTU_122	1	1	1	1	1	1	1
OTU_1221	1	1	1	1	1	1	1
OTU_12249	1	1	1	1	1	1	1
OTU_12277	1	1	1	1	1	1	1
OTU_12278	1	1	1	1	1	1	1
OTU_12280	1	1	1	1	1	1	1
OTU_12283	1	1	1	1	1	1	1
OTU_123	1	1	1	1	1	1	1
OTU_12309	1	1	1	1	1	1	1
OTU_12316	1	1	1	1	1	1	1
OTU_12319	1	1	1	1	1	1	1
OTU_1233	1	1	1	1	1	1	1
OTU_12363	1	1	1	1	1	1	1
OTU_1239	1	1	1	1	1	1	1
OTU_12398	1	1	1	1	1	1	1
OTU_12399	1	1	1	1	1	1	1
OTU_124	1	1	1	1	1	1	1
OTU_1241	1	1	1	1	1	1	1
OTU_12420	1	1	1	1	1	1	1
OTU_12428	1	1	1	1	1	1	1
OTU_12432	1	1	1	1	1	1	1
OTU_12443	1	1	1	1	1	1	1
OTU_12447	1	1	1	1	1	1	1
OTU_1247	1	1	1	1	1	1	1
OTU_125	1	1	1	1	1	1	1
OTU_12512	1	1	1	1	1	1	1
OTU_12514	1	1	1	1	1	1	1
OTU_1252	1	1	1	1	1	1	1
OTU_1253	1	1	1	1	1	1	1
OTU_12536	1	1	1	1	1	1	1
OTU_1256	1	1	1	1	1	1	1
OTU_126	1	1	1	1	1	1	1
OTU_1260	1	1	1	1	1	1	1
OTU_12643	1	1	1	1	1	1	1
OTU_12662	1	1	1	1	1	1	1
OTU_1267	1	1	1	1	1	1	1
OTU_12679	1	1	1	1	1	1	1
OTU_12688	1	1	1	1	1	1	1
OTU_127	1	1	1	1	1	1	1
OTU_1273	1	1	1	1	1	1	1
OTU_12747	1	1	1	1	1	1	1
OTU_1275	1	1	1	1	1	1	1
OTU_12754	1	1	1	1	1	1	1
OTU_1276	1	1	1	1	1	1	1
OTU_1278	1	1	1	1	1	1	1
OTU_1279	1	1	1	1	1	1	1
OTU_128	1	1	1	1	1	1	1
OTU_1284	1	1	1	1	1	1	1
OTU_12849	1	1	1	1	1	1	1
OTU_1287	1	1	1	1	1	1	1
OTU_12875	1	1	1	1	1	1	1
OTU_12881	1	1	1	1	1	1	1
OTU_129	1	1	1	1	1	1	1
OTU_1291	1	1	1	1	1	1	1
OTU_1292	1	1	1	1	1	1	1
OTU_12929	1	1	1	1	1	1	1
OTU_1294	1	1	1	1	1	1	1
OTU_1295	1	1	1	1	1	1	1
OTU_1299	1	1	1	1	1	1	1
OTU_12993	1	1	1	1	1	1	1
OTU_12996	1	1	1	1	1	1	1
OTU_13	1	1	1	1	1	1	1
OTU_130	1	1	1	1	1	1	1
OTU_13008	1	1	1	1	1	1	1
OTU_13029	1	1	1	1	1	1	1
OTU_13045	1	1	1	1	1	1	1
OTU_13049	1	1	1	1	1	1	1
OTU_1305	1	1	1	1	1	1	1
OTU_13050	1	1	1	1	1	1	1
OTU_13067	1	1	1	1	1	1	1
OTU_13069	1	1	1	1	1	1	1
OTU_13079	1	1	1	1	1	1	1
OTU_13084	1	1	1	1	1	1	1
OTU_13096	1	1	1	1	1	1	1
OTU_131	1	1	1	1	1	1	1
OTU_1311	1	1	1	1	1	1	1
OTU_13118	1	1	1	1	1	1	1
OTU_1315	1	1	1	1	1	1	1
OTU_13154	1	1	1	1	1	1	1
OTU_1318	1	1	1	1	1	1	1
OTU_1319	1	1	1	1	1	1	1
OTU_13191	1	1	1	1	1	1	1
OTU_132	1	1	1	1	1	1	1
OTU_1320	1	1	1	1	1	1	1
OTU_13235	1	1	1	1	1	1	1
OTU_13249	1	1	1	1	1	1	1
OTU_13267	1	1	1	1	1	1	1
OTU_1327	1	1	1	1	1	1	1
OTU_1328	1	1	1	1	1	1	1
OTU_13287	1	1	1	1	1	1	1
OTU_133	1	1	1	1	1	1	1
OTU_1331	1	1	1	1	1	1	1
OTU_13347	1	1	1	1	1	1	1
OTU_13359	1	1	1	1	1	1	1
OTU_1336	1	1	1	1	1	1	1
OTU_13371	1	1	1	1	1	1	1
OTU_1338	1	1	1	1	1	1	1
OTU_1339	1	1	1	1	1	1	1
OTU_134	1	1	1	1	1	1	1
OTU_1341	1	1	1	1	1	1	1
OTU_13418	1	1	1	1	1	1	1
OTU_13427	1	1	1	1	1	1	1
OTU_135	1	1	1	1	1	1	1
OTU_1352	1	1	1	1	1	1	1
OTU_13583	1	1	1	1	1	1	1
OTU_13587	1	1	1	1	1	1	1
OTU_136	1	1	1	1	1	1	1
OTU_13613	1	1	1	1	1	1	1
OTU_13615	1	1	1	1	1	1	1
OTU_13625	1	1	1	1	1	1	1
OTU_1364	1	1	1	1	1	1	1
OTU_13647	1	1	1	1	1	1	1
OTU_1368	1	1	1	1	1	1	1
OTU_137	1	1	1	1	1	1	1
OTU_13712	1	1	1	1	1	1	1
OTU_13717	1	1	1	1	1	1	1
OTU_13738	1	1	1	1	1	1	1
OTU_13756	1	1	1	1	1	1	1
OTU_13779	1	1	1	1	1	1	1
OTU_13784	1	1	1	1	1	1	1
OTU_138	1	1	1	1	1	1	1
OTU_13802	1	1	1	1	1	1	1
OTU_13828	1	1	1	1	1	1	1
OTU_13836	1	1	1	1	1	1	1
OTU_13839	1	1	1	1	1	1	1
OTU_1388	1	1	1	1	1	1	1
OTU_1389	1	1	1	1	1	1	1
OTU_139	1	1	1	1	1	1	1
OTU_1391	1	1	1	1	1	1	1
OTU_1393	1	1	1	1	1	1	1
OTU_14	1	1	1	1	1	1	1
OTU_140	1	1	1	1	1	1	1
OTU_1402	1	1	1	1	1	1	1
OTU_1407	1	1	1	1	1	1	1
OTU_1409	1	1	1	1	1	1	1
OTU_141	1	1	1	1	1	1	1
OTU_1413	1	1	1	1	1	1	1
OTU_1418	1	1	1	1	1	1	1
OTU_1423	1	1	1	1	1	1	1
OTU_1424	1	1	1	1	1	1	1
OTU_1427	1	1	1	1	1	1	1
OTU_143	1	1	1	1	1	1	1
OTU_1434	1	1	1	1	1	1	1
OTU_1438	1	1	1	1	1	1	1
OTU_144	1	1	1	1	1	1	1
OTU_1442	1	1	1	1	1	1	1
OTU_145	1	1	1	1	1	1	1
OTU_1453	1	1	1	1	1	1	1
OTU_146	1	1	1	1	1	1	1
OTU_1465	1	1	1	1	1	1	1
OTU_147	1	1	1	1	1	1	1
OTU_1473	1	1	1	1	1	1	1
OTU_1479	1	1	1	1	1	1	1
OTU_148	1	1	1	1	1	1	1
OTU_1480	1	1	1	1	1	1	1
OTU_1481	1	1	1	1	1	1	1
OTU_1486	1	1	1	1	1	1	1
OTU_1487	1	1	1	1	1	1	1
OTU_149	1	1	1	1	1	1	1
OTU_1497	1	1	1	1	1	1	1
OTU_15	1	1	1	1	1	1	1
OTU_150	1	1	1	1	1	1	1
OTU_1502	1	1	1	1	1	1	1
OTU_1505	1	1	1	1	1	1	1
OTU_1506	1	1	1	1	1	1	1
OTU_151	1	1	1	1	1	1	1
OTU_1513	1	1	1	1	1	1	1
OTU_1515	1	1	1	1	1	1	1
OTU_1516	1	1	1	1	1	1	1
OTU_1519	1	1	1	1	1	1	1
OTU_152	1	1	1	1	1	1	1
OTU_1520	1	1	1	1	1	1	1
OTU_1527	1	1	1	1	1	1	1
OTU_1529	1	1	1	1	1	1	1
OTU_153	1	1	1	1	1	1	1
OTU_1530	1	1	1	1	1	1	1
OTU_1533	1	1	1	1	1	1	1
OTU_1536	1	1	1	1	1	1	1
OTU_1539	1	1	1	1	1	1	1
OTU_154	1	1	1	1	1	1	1
OTU_1547	1	1	1	1	1	1	1
OTU_155	1	1	1	1	1	1	1
OTU_1555	1	1	1	1	1	1	1
OTU_1556	1	1	1	1	1	1	1
OTU_1558	1	1	1	1	1	1	1
OTU_156	1	1	1	1	1	1	1
OTU_157	1	1	1	1	1	1	1
OTU_1575	1	1	1	1	1	1	1
OTU_1579	1	1	1	1	1	1	1
OTU_158	1	1	1	1	1	1	1
OTU_159	1	1	1	1	1	1	1
OTU_1593	1	1	1	1	1	1	1
OTU_1597	1	1	1	1	1	1	1
OTU_16	1	1	1	1	1	1	1
OTU_160	1	1	1	1	1	1	1
OTU_1608	1	1	1	1	1	1	1
OTU_161	1	1	1	1	1	1	1
OTU_162	1	1	1	1	1	1	1
OTU_1620	1	1	1	1	1	1	1
OTU_1625	1	1	1	1	1	1	1
OTU_1629	1	1	1	1	1	1	1
OTU_163	1	1	1	1	1	1	1
OTU_1630	1	1	1	1	1	1	1
OTU_1632	1	1	1	1	1	1	1
OTU_164	1	1	1	1	1	1	1
OTU_1644	1	1	1	1	1	1	1
OTU_1649	1	1	1	1	1	1	1
OTU_165	1	1	1	1	1	1	1
OTU_1650	1	1	1	1	1	1	1
OTU_166	1	1	1	1	1	1	1
OTU_1664	1	1	1	1	1	1	1
OTU_1667	1	1	1	1	1	1	1
OTU_1668	1	1	1	1	1	1	1
OTU_167	1	1	1	1	1	1	1
OTU_1671	1	1	1	1	1	1	1
OTU_1673	1	1	1	1	1	1	1
OTU_1675	1	1	1	1	1	1	1
OTU_168	1	1	1	1	1	1	1
OTU_1684	1	1	1	1	1	1	1
OTU_1686	1	1	1	1	1	1	1
OTU_169	1	1	1	1	1	1	1
OTU_1691	1	1	1	1	1	1	1
OTU_1698	1	1	1	1	1	1	1
OTU_17	1	1	1	1	1	1	1
OTU_170	1	1	1	1	1	1	1
OTU_1703	1	1	1	1	1	1	1
OTU_172	1	1	1	1	1	1	1
OTU_1720	1	1	1	1	1	1	1
OTU_1723	1	1	1	1	1	1	1
OTU_1726	1	1	1	1	1	1	1
OTU_173	1	1	1	1	1	1	1
OTU_1732	1	1	1	1	1	1	1
OTU_1735	1	1	1	1	1	1	1
OTU_1739	1	1	1	1	1	1	1
OTU_174	1	1	1	1	1	1	1
OTU_1744	1	1	1	1	1	1	1
OTU_1746	1	1	1	1	1	1	1
OTU_175	1	1	1	1	1	1	1
OTU_1753	1	1	1	1	1	1	1
OTU_1755	1	1	1	1	1	1	1
OTU_1756	1	1	1	1	1	1	1
OTU_176	1	1	1	1	1	1	1
OTU_177	1	1	1	1	1	1	1
OTU_1772	1	1	1	1	1	1	1
OTU_178	1	1	1	1	1	1	1
OTU_179	1	1	1	1	1	1	1
OTU_1797	1	1	1	1	1	1	1
OTU_18	1	1	1	1	1	1	1
OTU_180	1	1	1	1	1	1	1
OTU_1803	1	1	1	1	1	1	1
OTU_1808	1	1	1	1	1	1	1
OTU_1809	1	1	1	1	1	1	1
OTU_181	1	1	1	1	1	1	1
OTU_182	1	1	1	1	1	1	1
OTU_1823	1	1	1	1	1	1	1
OTU_183	1	1	1	1	1	1	1
OTU_1843	1	1	1	1	1	1	1
OTU_1847	1	1	1	1	1	1	1
OTU_1848	1	1	1	1	1	1	1
OTU_185	1	1	1	1	1	1	1
OTU_1852	1	1	1	1	1	1	1
OTU_1853	1	1	1	1	1	1	1
OTU_1854	1	1	1	1	1	1	1
OTU_1858	1	1	1	1	1	1	1
OTU_186	1	1	1	1	1	1	1
OTU_1868	1	1	1	1	1	1	1
OTU_187	1	1	1	1	1	1	1
OTU_188	1	1	1	1	1	1	1
OTU_1884	1	1	1	1	1	1	1
OTU_1886	1	1	1	1	1	1	1
OTU_1888	1	1	1	1	1	1	1
OTU_189	1	1	1	1	1	1	1
OTU_19	1	1	1	1	1	1	1
OTU_190	1	1	1	1	1	1	1
OTU_191	1	1	1	1	1	1	1
OTU_1922	1	1	1	1	1	1	1
OTU_193	1	1	1	1	1	1	1
OTU_194	1	1	1	1	1	1	1
OTU_1941	1	1	1	1	1	1	1
OTU_1946	1	1	1	1	1	1	1
OTU_195	1	1	1	1	1	1	1
OTU_1959	1	1	1	1	1	1	1
OTU_1976	1	1	1	1	1	1	1
OTU_1978	1	1	1	1	1	1	1
OTU_198	1	1	1	1	1	1	1
OTU_1984	1	1	1	1	1	1	1
OTU_199	1	1	1	1	1	1	1
OTU_1991	1	1	1	1	1	1	1
OTU_1998	1	1	1	1	1	1	1
OTU_2	1	1	1	1	1	1	1
OTU_20	1	1	1	1	1	1	1
OTU_200	1	1	1	1	1	1	1
OTU_2011	1	1	1	1	1	1	1
OTU_202	1	1	1	1	1	1	1
OTU_2022	1	1	1	1	1	1	1
OTU_2025	1	1	1	1	1	1	1
OTU_203	1	1	1	1	1	1	1
OTU_2030	1	1	1	1	1	1	1
OTU_204	1	1	1	1	1	1	1
OTU_2040	1	1	1	1	1	1	1
OTU_2041	1	1	1	1	1	1	1
OTU_2044	1	1	1	1	1	1	1
OTU_2049	1	1	1	1	1	1	1
OTU_206	1	1	1	1	1	1	1
OTU_207	1	1	1	1	1	1	1
OTU_2070	1	1	1	1	1	1	1
OTU_2071	1	1	1	1	1	1	1
OTU_2077	1	1	1	1	1	1	1
OTU_2079	1	1	1	1	1	1	1
OTU_208	1	1	1	1	1	1	1
OTU_2081	1	1	1	1	1	1	1
OTU_2085	1	1	1	1	1	1	1
OTU_209	1	1	1	1	1	1	1
OTU_2095	1	1	1	1	1	1	1
OTU_21	1	1	1	1	1	1	1
OTU_210	1	1	1	1	1	1	1
OTU_2103	1	1	1	1	1	1	1
OTU_2104	1	1	1	1	1	1	1
OTU_211	1	1	1	1	1	1	1
OTU_2117	1	1	1	1	1	1	1
OTU_213	1	1	1	1	1	1	1
OTU_2135	1	1	1	1	1	1	1
OTU_214	1	1	1	1	1	1	1
OTU_2140	1	1	1	1	1	1	1
OTU_2146	1	1	1	1	1	1	1
OTU_215	1	1	1	1	1	1	1
OTU_216	1	1	1	1	1	1	1
OTU_217	1	1	1	1	1	1	1
OTU_2171	1	1	1	1	1	1	1
OTU_2175	1	1	1	1	1	1	1
OTU_218	1	1	1	1	1	1	1
OTU_219	1	1	1	1	1	1	1
OTU_2194	1	1	1	1	1	1	1
OTU_22	1	1	1	1	1	1	1
OTU_220	1	1	1	1	1	1	1
OTU_2206	1	1	1	1	1	1	1
OTU_221	1	1	1	1	1	1	1
OTU_2214	1	1	1	1	1	1	1
OTU_222	1	1	1	1	1	1	1
OTU_2220	1	1	1	1	1	1	1
OTU_223	1	1	1	1	1	1	1
OTU_224	1	1	1	1	1	1	1
OTU_2241	1	1	1	1	1	1	1
OTU_2243	1	1	1	1	1	1	1
OTU_2245	1	1	1	1	1	1	1
OTU_2249	1	1	1	1	1	1	1
OTU_225	1	1	1	1	1	1	1
OTU_2250	1	1	1	1	1	1	1
OTU_2253	1	1	1	1	1	1	1
OTU_226	1	1	1	1	1	1	1
OTU_227	1	1	1	1	1	1	1
OTU_228	1	1	1	1	1	1	1
OTU_2285	1	1	1	1	1	1	1
OTU_229	1	1	1	1	1	1	1
OTU_2292	1	1	1	1	1	1	1
OTU_23	1	1	1	1	1	1	1
OTU_230	1	1	1	1	1	1	1
OTU_2302	1	1	1	1	1	1	1
OTU_2305	1	1	1	1	1	1	1
OTU_2306	1	1	1	1	1	1	1
OTU_2311	1	1	1	1	1	1	1
OTU_232	1	1	1	1	1	1	1
OTU_2321	1	1	1	1	1	1	1
OTU_233	1	1	1	1	1	1	1
OTU_2340	1	1	1	1	1	1	1
OTU_2346	1	1	1	1	1	1	1
OTU_235	1	1	1	1	1	1	1
OTU_2353	1	1	1	1	1	1	1
OTU_236	1	1	1	1	1	1	1
OTU_2365	1	1	1	1	1	1	1
OTU_237	1	1	1	1	1	1	1
OTU_2370	1	1	1	1	1	1	1
OTU_2376	1	1	1	1	1	1	1
OTU_238	1	1	1	1	1	1	1
OTU_2386	1	1	1	1	1	1	1
OTU_239	1	1	1	1	1	1	1
OTU_24	1	1	1	1	1	1	1
OTU_241	1	1	1	1	1	1	1
OTU_2410	1	1	1	1	1	1	1
OTU_2419	1	1	1	1	1	1	1
OTU_242	1	1	1	1	1	1	1
OTU_2421	1	1	1	1	1	1	1
OTU_2422	1	1	1	1	1	1	1
OTU_2423	1	1	1	1	1	1	1
OTU_2429	1	1	1	1	1	1	1
OTU_2432	1	1	1	1	1	1	1
OTU_244	1	1	1	1	1	1	1
OTU_2445	1	1	1	1	1	1	1
OTU_245	1	1	1	1	1	1	1
OTU_2454	1	1	1	1	1	1	1
OTU_246	1	1	1	1	1	1	1
OTU_2460	1	1	1	1	1	1	1
OTU_2464	1	1	1	1	1	1	1
OTU_2469	1	1	1	1	1	1	1
OTU_247	1	1	1	1	1	1	1
OTU_2474	1	1	1	1	1	1	1
OTU_2478	1	1	1	1	1	1	1
OTU_248	1	1	1	1	1	1	1
OTU_2482	1	1	1	1	1	1	1
OTU_2486	1	1	1	1	1	1	1
OTU_249	1	1	1	1	1	1	1
OTU_2492	1	1	1	1	1	1	1
OTU_2499	1	1	1	1	1	1	1
OTU_25	1	1	1	1	1	1	1
OTU_250	1	1	1	1	1	1	1
OTU_251	1	1	1	1	1	1	1
OTU_2524	1	1	1	1	1	1	1
OTU_253	1	1	1	1	1	1	1
OTU_2530	1	1	1	1	1	1	1
OTU_254	1	1	1	1	1	1	1
OTU_2544	1	1	1	1	1	1	1
OTU_2549	1	1	1	1	1	1	1
OTU_2551	1	1	1	1	1	1	1
OTU_2558	1	1	1	1	1	1	1
OTU_2563	1	1	1	1	1	1	1
OTU_2569	1	1	1	1	1	1	1
OTU_257	1	1	1	1	1	1	1
OTU_2571	1	1	1	1	1	1	1
OTU_2579	1	1	1	1	1	1	1
OTU_259	1	1	1	1	1	1	1
OTU_26	1	1	1	1	1	1	1
OTU_260	1	1	1	1	1	1	1
OTU_2606	1	1	1	1	1	1	1
OTU_2608	1	1	1	1	1	1	1
OTU_261	1	1	1	1	1	1	1
OTU_262	1	1	1	1	1	1	1
OTU_2620	1	1	1	1	1	1	1
OTU_263	1	1	1	1	1	1	1
OTU_264	1	1	1	1	1	1	1
OTU_2640	1	1	1	1	1	1	1
OTU_2649	1	1	1	1	1	1	1
OTU_265	1	1	1	1	1	1	1
OTU_2650	1	1	1	1	1	1	1
OTU_267	1	1	1	1	1	1	1
OTU_268	1	1	1	1	1	1	1
OTU_2682	1	1	1	1	1	1	1
OTU_269	1	1	1	1	1	1	1
OTU_2690	1	1	1	1	1	1	1
OTU_27	1	1	1	1	1	1	1
OTU_270	1	1	1	1	1	1	1
OTU_2700	1	1	1	1	1	1	1
OTU_2708	1	1	1	1	1	1	1
OTU_2714	1	1	1	1	1	1	1
OTU_272	1	1	1	1	1	1	1
OTU_2726	1	1	1	1	1	1	1
OTU_273	1	1	1	1	1	1	1
OTU_2739	1	1	1	1	1	1	1
OTU_2742	1	1	1	1	1	1	1
OTU_2747	1	1	1	1	1	1	1
OTU_2748	1	1	1	1	1	1	1
OTU_275	1	1	1	1	1	1	1
OTU_276	1	1	1	1	1	1	1
OTU_277	1	1	1	1	1	1	1
OTU_278	1	1	1	1	1	1	1
OTU_2786	1	1	1	1	1	1	1
OTU_2788	1	1	1	1	1	1	1
OTU_279	1	1	1	1	1	1	1
OTU_2792	1	1	1	1	1	1	1
OTU_28	1	1	1	1	1	1	1
OTU_280	1	1	1	1	1	1	1
OTU_281	1	1	1	1	1	1	1
OTU_2814	1	1	1	1	1	1	1
OTU_2815	1	1	1	1	1	1	1
OTU_282	1	1	1	1	1	1	1
OTU_2822	1	1	1	1	1	1	1
OTU_2827	1	1	1	1	1	1	1
OTU_283	1	1	1	1	1	1	1
OTU_2833	1	1	1	1	1	1	1
OTU_285	1	1	1	1	1	1	1
OTU_2853	1	1	1	1	1	1	1
OTU_286	1	1	1	1	1	1	1
OTU_2869	1	1	1	1	1	1	1
OTU_287	1	1	1	1	1	1	1
OTU_2873	1	1	1	1	1	1	1
OTU_2876	1	1	1	1	1	1	1
OTU_288	1	1	1	1	1	1	1
OTU_2880	1	1	1	1	1	1	1
OTU_2881	1	1	1	1	1	1	1
OTU_2882	1	1	1	1	1	1	1
OTU_2889	1	1	1	1	1	1	1
OTU_289	1	1	1	1	1	1	1
OTU_2898	1	1	1	1	1	1	1
OTU_29	1	1	1	1	1	1	1
OTU_290	1	1	1	1	1	1	1
OTU_2901	1	1	1	1	1	1	1
OTU_292	1	1	1	1	1	1	1
OTU_2922	1	1	1	1	1	1	1
OTU_2925	1	1	1	1	1	1	1
OTU_293	1	1	1	1	1	1	1
OTU_2935	1	1	1	1	1	1	1
OTU_294	1	1	1	1	1	1	1
OTU_2948	1	1	1	1	1	1	1
OTU_2949	1	1	1	1	1	1	1
OTU_295	1	1	1	1	1	1	1
OTU_296	1	1	1	1	1	1	1
OTU_2961	1	1	1	1	1	1	1
OTU_2966	1	1	1	1	1	1	1
OTU_297	1	1	1	1	1	1	1
OTU_2970	1	1	1	1	1	1	1
OTU_299	1	1	1	1	1	1	1
OTU_2998	1	1	1	1	1	1	1
OTU_3	1	1	1	1	1	1	1
OTU_30	1	1	1	1	1	1	1
OTU_3000	1	1	1	1	1	1	1
OTU_3010	1	1	1	1	1	1	1
OTU_302	1	1	1	1	1	1	1
OTU_303	1	1	1	1	1	1	1
OTU_304	1	1	1	1	1	1	1
OTU_305	1	1	1	1	1	1	1
OTU_3052	1	1	1	1	1	1	1
OTU_306	1	1	1	1	1	1	1
OTU_3063	1	1	1	1	1	1	1
OTU_3068	1	1	1	1	1	1	1
OTU_308	1	1	1	1	1	1	1
OTU_3080	1	1	1	1	1	1	1
OTU_3089	1	1	1	1	1	1	1
OTU_309	1	1	1	1	1	1	1
OTU_31	1	1	1	1	1	1	1
OTU_310	1	1	1	1	1	1	1
OTU_3110	1	1	1	1	1	1	1
OTU_3113	1	1	1	1	1	1	1
OTU_3118	1	1	1	1	1	1	1
OTU_312	1	1	1	1	1	1	1
OTU_3127	1	1	1	1	1	1	1
OTU_313	1	1	1	1	1	1	1
OTU_3130	1	1	1	1	1	1	1
OTU_3134	1	1	1	1	1	1	1
OTU_3138	1	1	1	1	1	1	1
OTU_315	1	1	1	1	1	1	1
OTU_3154	1	1	1	1	1	1	1
OTU_317	1	1	1	1	1	1	1
OTU_3178	1	1	1	1	1	1	1
OTU_319	1	1	1	1	1	1	1
OTU_3193	1	1	1	1	1	1	1
OTU_3196	1	1	1	1	1	1	1
OTU_32	1	1	1	1	1	1	1
OTU_320	1	1	1	1	1	1	1
OTU_321	1	1	1	1	1	1	1
OTU_322	1	1	1	1	1	1	1
OTU_3226	1	1	1	1	1	1	1
OTU_3229	1	1	1	1	1	1	1
OTU_3233	1	1	1	1	1	1	1
OTU_3234	1	1	1	1	1	1	1
OTU_324	1	1	1	1	1	1	1
OTU_3243	1	1	1	1	1	1	1
OTU_325	1	1	1	1	1	1	1
OTU_3250	1	1	1	1	1	1	1
OTU_3256	1	1	1	1	1	1	1
OTU_326	1	1	1	1	1	1	1
OTU_3262	1	1	1	1	1	1	1
OTU_3271	1	1	1	1	1	1	1
OTU_3275	1	1	1	1	1	1	1
OTU_328	1	1	1	1	1	1	1
OTU_329	1	1	1	1	1	1	1
OTU_3290	1	1	1	1	1	1	1
OTU_3291	1	1	1	1	1	1	1
OTU_3294	1	1	1	1	1	1	1
OTU_33	1	1	1	1	1	1	1
OTU_330	1	1	1	1	1	1	1
OTU_3305	1	1	1	1	1	1	1
OTU_3308	1	1	1	1	1	1	1
OTU_331	1	1	1	1	1	1	1
OTU_3330	1	1	1	1	1	1	1
OTU_3344	1	1	1	1	1	1	1
OTU_3345	1	1	1	1	1	1	1
OTU_336	1	1	1	1	1	1	1
OTU_337	1	1	1	1	1	1	1
OTU_3371	1	1	1	1	1	1	1
OTU_339	1	1	1	1	1	1	1
OTU_34	1	1	1	1	1	1	1
OTU_340	1	1	1	1	1	1	1
OTU_3403	1	1	1	1	1	1	1
OTU_3409	1	1	1	1	1	1	1
OTU_3415	1	1	1	1	1	1	1
OTU_343	1	1	1	1	1	1	1
OTU_3432	1	1	1	1	1	1	1
OTU_344	1	1	1	1	1	1	1
OTU_3459	1	1	1	1	1	1	1
OTU_3461	1	1	1	1	1	1	1
OTU_347	1	1	1	1	1	1	1
OTU_348	1	1	1	1	1	1	1
OTU_349	1	1	1	1	1	1	1
OTU_3491	1	1	1	1	1	1	1
OTU_35	1	1	1	1	1	1	1
OTU_350	1	1	1	1	1	1	1
OTU_3502	1	1	1	1	1	1	1
OTU_3518	1	1	1	1	1	1	1
OTU_3520	1	1	1	1	1	1	1
OTU_353	1	1	1	1	1	1	1
OTU_354	1	1	1	1	1	1	1
OTU_3540	1	1	1	1	1	1	1
OTU_355	1	1	1	1	1	1	1
OTU_3555	1	1	1	1	1	1	1
OTU_3556	1	1	1	1	1	1	1
OTU_356	1	1	1	1	1	1	1
OTU_3564	1	1	1	1	1	1	1
OTU_357	1	1	1	1	1	1	1
OTU_3576	1	1	1	1	1	1	1
OTU_358	1	1	1	1	1	1	1
OTU_359	1	1	1	1	1	1	1
OTU_36	1	1	1	1	1	1	1
OTU_360	1	1	1	1	1	1	1
OTU_361	1	1	1	1	1	1	1
OTU_3617	1	1	1	1	1	1	1
OTU_363	1	1	1	1	1	1	1
OTU_3630	1	1	1	1	1	1	1
OTU_364	1	1	1	1	1	1	1
OTU_3643	1	1	1	1	1	1	1
OTU_3648	1	1	1	1	1	1	1
OTU_365	1	1	1	1	1	1	1
OTU_3657	1	1	1	1	1	1	1
OTU_366	1	1	1	1	1	1	1
OTU_3663	1	1	1	1	1	1	1
OTU_3674	1	1	1	1	1	1	1
OTU_3676	1	1	1	1	1	1	1
OTU_369	1	1	1	1	1	1	1
OTU_3691	1	1	1	1	1	1	1
OTU_37	1	1	1	1	1	1	1
OTU_370	1	1	1	1	1	1	1
OTU_3709	1	1	1	1	1	1	1
OTU_372	1	1	1	1	1	1	1
OTU_373	1	1	1	1	1	1	1
OTU_374	1	1	1	1	1	1	1
OTU_375	1	1	1	1	1	1	1
OTU_376	1	1	1	1	1	1	1
OTU_3760	1	1	1	1	1	1	1
OTU_3775	1	1	1	1	1	1	1
OTU_3776	1	1	1	1	1	1	1
OTU_3777	1	1	1	1	1	1	1
OTU_3787	1	1	1	1	1	1	1
OTU_379	1	1	1	1	1	1	1
OTU_3797	1	1	1	1	1	1	1
OTU_3798	1	1	1	1	1	1	1
OTU_38	1	1	1	1	1	1	1
OTU_3800	1	1	1	1	1	1	1
OTU_381	1	1	1	1	1	1	1
OTU_382	1	1	1	1	1	1	1
OTU_3826	1	1	1	1	1	1	1
OTU_385	1	1	1	1	1	1	1
OTU_3855	1	1	1	1	1	1	1
OTU_386	1	1	1	1	1	1	1
OTU_387	1	1	1	1	1	1	1
OTU_3884	1	1	1	1	1	1	1
OTU_39	1	1	1	1	1	1	1
OTU_390	1	1	1	1	1	1	1
OTU_3915	1	1	1	1	1	1	1
OTU_394	1	1	1	1	1	1	1
OTU_395	1	1	1	1	1	1	1
OTU_396	1	1	1	1	1	1	1
OTU_3963	1	1	1	1	1	1	1
OTU_397	1	1	1	1	1	1	1
OTU_3970	1	1	1	1	1	1	1
OTU_398	1	1	1	1	1	1	1
OTU_3984	1	1	1	1	1	1	1
OTU_3986	1	1	1	1	1	1	1
OTU_3987	1	1	1	1	1	1	1
OTU_4	1	1	1	1	1	1	1
OTU_40	1	1	1	1	1	1	1
OTU_401	1	1	1	1	1	1	1
OTU_402	1	1	1	1	1	1	1
OTU_4047	1	1	1	1	1	1	1
OTU_405	1	1	1	1	1	1	1
OTU_4062	1	1	1	1	1	1	1
OTU_4068	1	1	1	1	1	1	1
OTU_407	1	1	1	1	1	1	1
OTU_408	1	1	1	1	1	1	1
OTU_4086	1	1	1	1	1	1	1
OTU_4089	1	1	1	1	1	1	1
OTU_4091	1	1	1	1	1	1	1
OTU_4094	1	1	1	1	1	1	1
OTU_41	1	1	1	1	1	1	1
OTU_410	1	1	1	1	1	1	1
OTU_4102	1	1	1	1	1	1	1
OTU_411	1	1	1	1	1	1	1
OTU_412	1	1	1	1	1	1	1
OTU_4125	1	1	1	1	1	1	1
OTU_415	1	1	1	1	1	1	1
OTU_4158	1	1	1	1	1	1	1
OTU_416	1	1	1	1	1	1	1
OTU_417	1	1	1	1	1	1	1
OTU_4174	1	1	1	1	1	1	1
OTU_4175	1	1	1	1	1	1	1
OTU_418	1	1	1	1	1	1	1
OTU_419	1	1	1	1	1	1	1
OTU_42	1	1	1	1	1	1	1
OTU_421	1	1	1	1	1	1	1
OTU_422	1	1	1	1	1	1	1
OTU_4223	1	1	1	1	1	1	1
OTU_425	1	1	1	1	1	1	1
OTU_4253	1	1	1	1	1	1	1
OTU_4263	1	1	1	1	1	1	1
OTU_4268	1	1	1	1	1	1	1
OTU_427	1	1	1	1	1	1	1
OTU_4279	1	1	1	1	1	1	1
OTU_428	1	1	1	1	1	1	1
OTU_429	1	1	1	1	1	1	1
OTU_4291	1	1	1	1	1	1	1
OTU_4294	1	1	1	1	1	1	1
OTU_4295	1	1	1	1	1	1	1
OTU_43	1	1	1	1	1	1	1
OTU_430	1	1	1	1	1	1	1
OTU_4318	1	1	1	1	1	1	1
OTU_432	1	1	1	1	1	1	1
OTU_435	1	1	1	1	1	1	1
OTU_4356	1	1	1	1	1	1	1
OTU_436	1	1	1	1	1	1	1
OTU_4378	1	1	1	1	1	1	1
OTU_438	1	1	1	1	1	1	1
OTU_4387	1	1	1	1	1	1	1
OTU_44	1	1	1	1	1	1	1
OTU_442	1	1	1	1	1	1	1
OTU_444	1	1	1	1	1	1	1
OTU_445	1	1	1	1	1	1	1
OTU_4451	1	1	1	1	1	1	1
OTU_446	1	1	1	1	1	1	1
OTU_4463	1	1	1	1	1	1	1
OTU_448	1	1	1	1	1	1	1
OTU_449	1	1	1	1	1	1	1
OTU_4498	1	1	1	1	1	1	1
OTU_45	1	1	1	1	1	1	1
OTU_4500	1	1	1	1	1	1	1
OTU_4501	1	1	1	1	1	1	1
OTU_451	1	1	1	1	1	1	1
OTU_4528	1	1	1	1	1	1	1
OTU_453	1	1	1	1	1	1	1
OTU_4532	1	1	1	1	1	1	1
OTU_4534	1	1	1	1	1	1	1
OTU_4546	1	1	1	1	1	1	1
OTU_455	1	1	1	1	1	1	1
OTU_46	1	1	1	1	1	1	1
OTU_460	1	1	1	1	1	1	1
OTU_4607	1	1	1	1	1	1	1
OTU_461	1	1	1	1	1	1	1
OTU_4626	1	1	1	1	1	1	1
OTU_463	1	1	1	1	1	1	1
OTU_465	1	1	1	1	1	1	1
OTU_4656	1	1	1	1	1	1	1
OTU_466	1	1	1	1	1	1	1
OTU_4668	1	1	1	1	1	1	1
OTU_47	1	1	1	1	1	1	1
OTU_470	1	1	1	1	1	1	1
OTU_4703	1	1	1	1	1	1	1
OTU_472	1	1	1	1	1	1	1
OTU_4742	1	1	1	1	1	1	1
OTU_4748	1	1	1	1	1	1	1
OTU_476	1	1	1	1	1	1	1
OTU_477	1	1	1	1	1	1	1
OTU_4773	1	1	1	1	1	1	1
OTU_478	1	1	1	1	1	1	1
OTU_4781	1	1	1	1	1	1	1
OTU_48	1	1	1	1	1	1	1
OTU_481	1	1	1	1	1	1	1
OTU_483	1	1	1	1	1	1	1
OTU_4833	1	1	1	1	1	1	1
OTU_484	1	1	1	1	1	1	1
OTU_4859	1	1	1	1	1	1	1
OTU_4867	1	1	1	1	1	1	1
OTU_489	1	1	1	1	1	1	1
OTU_4895	1	1	1	1	1	1	1
OTU_49	1	1	1	1	1	1	1
OTU_491	1	1	1	1	1	1	1
OTU_493	1	1	1	1	1	1	1
OTU_494	1	1	1	1	1	1	1
OTU_495	1	1	1	1	1	1	1
OTU_4963	1	1	1	1	1	1	1
OTU_497	1	1	1	1	1	1	1
OTU_499	1	1	1	1	1	1	1
OTU_5	1	1	1	1	1	1	1
OTU_50	1	1	1	1	1	1	1
OTU_500	1	1	1	1	1	1	1
OTU_501	1	1	1	1	1	1	1
OTU_5019	1	1	1	1	1	1	1
OTU_502	1	1	1	1	1	1	1
OTU_5029	1	1	1	1	1	1	1
OTU_503	1	1	1	1	1	1	1
OTU_504	1	1	1	1	1	1	1
OTU_507	1	1	1	1	1	1	1
OTU_5072	1	1	1	1	1	1	1
OTU_51	1	1	1	1	1	1	1
OTU_515	1	1	1	1	1	1	1
OTU_516	1	1	1	1	1	1	1
OTU_5160	1	1	1	1	1	1	1
OTU_518	1	1	1	1	1	1	1
OTU_5185	1	1	1	1	1	1	1
OTU_5186	1	1	1	1	1	1	1
OTU_5188	1	1	1	1	1	1	1
OTU_519	1	1	1	1	1	1	1
OTU_5190	1	1	1	1	1	1	1
OTU_52	1	1	1	1	1	1	1
OTU_520	1	1	1	1	1	1	1
OTU_5204	1	1	1	1	1	1	1
OTU_521	1	1	1	1	1	1	1
OTU_522	1	1	1	1	1	1	1
OTU_5226	1	1	1	1	1	1	1
OTU_523	1	1	1	1	1	1	1
OTU_5230	1	1	1	1	1	1	1
OTU_525	1	1	1	1	1	1	1
OTU_526	1	1	1	1	1	1	1
OTU_5290	1	1	1	1	1	1	1
OTU_5291	1	1	1	1	1	1	1
OTU_53	1	1	1	1	1	1	1
OTU_530	1	1	1	1	1	1	1
OTU_532	1	1	1	1	1	1	1
OTU_5323	1	1	1	1	1	1	1
OTU_534	1	1	1	1	1	1	1
OTU_5340	1	1	1	1	1	1	1
OTU_5367	1	1	1	1	1	1	1
OTU_5371	1	1	1	1	1	1	1
OTU_539	1	1	1	1	1	1	1
OTU_54	1	1	1	1	1	1	1
OTU_541	1	1	1	1	1	1	1
OTU_5417	1	1	1	1	1	1	1
OTU_542	1	1	1	1	1	1	1
OTU_544	1	1	1	1	1	1	1
OTU_5448	1	1	1	1	1	1	1
OTU_547	1	1	1	1	1	1	1
OTU_5495	1	1	1	1	1	1	1
OTU_55	1	1	1	1	1	1	1
OTU_550	1	1	1	1	1	1	1
OTU_5503	1	1	1	1	1	1	1
OTU_553	1	1	1	1	1	1	1
OTU_5568	1	1	1	1	1	1	1
OTU_5570	1	1	1	1	1	1	1
OTU_5571	1	1	1	1	1	1	1
OTU_5575	1	1	1	1	1	1	1
OTU_5586	1	1	1	1	1	1	1
OTU_56	1	1	1	1	1	1	1
OTU_560	1	1	1	1	1	1	1
OTU_5605	1	1	1	1	1	1	1
OTU_5608	1	1	1	1	1	1	1
OTU_5626	1	1	1	1	1	1	1
OTU_5629	1	1	1	1	1	1	1
OTU_563	1	1	1	1	1	1	1
OTU_564	1	1	1	1	1	1	1
OTU_566	1	1	1	1	1	1	1
OTU_568	1	1	1	1	1	1	1
OTU_569	1	1	1	1	1	1	1
OTU_57	1	1	1	1	1	1	1
OTU_571	1	1	1	1	1	1	1
OTU_5712	1	1	1	1	1	1	1
OTU_573	1	1	1	1	1	1	1
OTU_5763	1	1	1	1	1	1	1
OTU_58	1	1	1	1	1	1	1
OTU_581	1	1	1	1	1	1	1
OTU_5815	1	1	1	1	1	1	1
OTU_584	1	1	1	1	1	1	1
OTU_586	1	1	1	1	1	1	1
OTU_5863	1	1	1	1	1	1	1
OTU_5865	1	1	1	1	1	1	1
OTU_5867	1	1	1	1	1	1	1
OTU_5874	1	1	1	1	1	1	1
OTU_5877	1	1	1	1	1	1	1
OTU_59	1	1	1	1	1	1	1
OTU_5916	1	1	1	1	1	1	1
OTU_592	1	1	1	1	1	1	1
OTU_5931	1	1	1	1	1	1	1
OTU_5951	1	1	1	1	1	1	1
OTU_5952	1	1	1	1	1	1	1
OTU_597	1	1	1	1	1	1	1
OTU_5972	1	1	1	1	1	1	1
OTU_5976	1	1	1	1	1	1	1
OTU_6	1	1	1	1	1	1	1
OTU_60	1	1	1	1	1	1	1
OTU_600	1	1	1	1	1	1	1
OTU_602	1	1	1	1	1	1	1
OTU_603	1	1	1	1	1	1	1
OTU_6035	1	1	1	1	1	1	1
OTU_6046	1	1	1	1	1	1	1
OTU_606	1	1	1	1	1	1	1
OTU_6080	1	1	1	1	1	1	1
OTU_6087	1	1	1	1	1	1	1
OTU_609	1	1	1	1	1	1	1
OTU_6097	1	1	1	1	1	1	1
OTU_61	1	1	1	1	1	1	1
OTU_611	1	1	1	1	1	1	1
OTU_612	1	1	1	1	1	1	1
OTU_614	1	1	1	1	1	1	1
OTU_6146	1	1	1	1	1	1	1
OTU_615	1	1	1	1	1	1	1
OTU_617	1	1	1	1	1	1	1
OTU_6187	1	1	1	1	1	1	1
OTU_6197	1	1	1	1	1	1	1
OTU_62	1	1	1	1	1	1	1
OTU_623	1	1	1	1	1	1	1
OTU_6230	1	1	1	1	1	1	1
OTU_6231	1	1	1	1	1	1	1
OTU_625	1	1	1	1	1	1	1
OTU_6260	1	1	1	1	1	1	1
OTU_6264	1	1	1	1	1	1	1
OTU_627	1	1	1	1	1	1	1
OTU_6287	1	1	1	1	1	1	1
OTU_629	1	1	1	1	1	1	1
OTU_6291	1	1	1	1	1	1	1
OTU_6292	1	1	1	1	1	1	1
OTU_63	1	1	1	1	1	1	1
OTU_630	1	1	1	1	1	1	1
OTU_6305	1	1	1	1	1	1	1
OTU_631	1	1	1	1	1	1	1
OTU_633	1	1	1	1	1	1	1
OTU_6339	1	1	1	1	1	1	1
OTU_634	1	1	1	1	1	1	1
OTU_6362	1	1	1	1	1	1	1
OTU_6375	1	1	1	1	1	1	1
OTU_639	1	1	1	1	1	1	1
OTU_64	1	1	1	1	1	1	1
OTU_642	1	1	1	1	1	1	1
OTU_6426	1	1	1	1	1	1	1
OTU_644	1	1	1	1	1	1	1
OTU_645	1	1	1	1	1	1	1
OTU_646	1	1	1	1	1	1	1
OTU_647	1	1	1	1	1	1	1
OTU_648	1	1	1	1	1	1	1
OTU_649	1	1	1	1	1	1	1
OTU_6491	1	1	1	1	1	1	1
OTU_6496	1	1	1	1	1	1	1
OTU_65	1	1	1	1	1	1	1
OTU_650	1	1	1	1	1	1	1
OTU_651	1	1	1	1	1	1	1
OTU_652	1	1	1	1	1	1	1
OTU_653	1	1	1	1	1	1	1
OTU_654	1	1	1	1	1	1	1
OTU_6555	1	1	1	1	1	1	1
OTU_656	1	1	1	1	1	1	1
OTU_658	1	1	1	1	1	1	1
OTU_66	1	1	1	1	1	1	1
OTU_660	1	1	1	1	1	1	1
OTU_662	1	1	1	1	1	1	1
OTU_663	1	1	1	1	1	1	1
OTU_6636	1	1	1	1	1	1	1
OTU_664	1	1	1	1	1	1	1
OTU_666	1	1	1	1	1	1	1
OTU_6698	1	1	1	1	1	1	1
OTU_67	1	1	1	1	1	1	1
OTU_6704	1	1	1	1	1	1	1
OTU_671	1	1	1	1	1	1	1
OTU_6757	1	1	1	1	1	1	1
OTU_676	1	1	1	1	1	1	1
OTU_6761	1	1	1	1	1	1	1
OTU_6762	1	1	1	1	1	1	1
OTU_677	1	1	1	1	1	1	1
OTU_6780	1	1	1	1	1	1	1
OTU_679	1	1	1	1	1	1	1
OTU_68	1	1	1	1	1	1	1
OTU_681	1	1	1	1	1	1	1
OTU_6850	1	1	1	1	1	1	1
OTU_6857	1	1	1	1	1	1	1
OTU_6861	1	1	1	1	1	1	1
OTU_688	1	1	1	1	1	1	1
OTU_69	1	1	1	1	1	1	1
OTU_691	1	1	1	1	1	1	1
OTU_692	1	1	1	1	1	1	1
OTU_694	1	1	1	1	1	1	1
OTU_6952	1	1	1	1	1	1	1
OTU_697	1	1	1	1	1	1	1
OTU_698	1	1	1	1	1	1	1
OTU_6989	1	1	1	1	1	1	1
OTU_6995	1	1	1	1	1	1	1
OTU_6997	1	1	1	1	1	1	1
OTU_7	1	1	1	1	1	1	1
OTU_70	1	1	1	1	1	1	1
OTU_700	1	1	1	1	1	1	1
OTU_703	1	1	1	1	1	1	1
OTU_707	1	1	1	1	1	1	1
OTU_71	1	1	1	1	1	1	1
OTU_7100	1	1	1	1	1	1	1
OTU_711	1	1	1	1	1	1	1
OTU_712	1	1	1	1	1	1	1
OTU_715	1	1	1	1	1	1	1
OTU_7157	1	1	1	1	1	1	1
OTU_717	1	1	1	1	1	1	1
OTU_7175	1	1	1	1	1	1	1
OTU_7192	1	1	1	1	1	1	1
OTU_72	1	1	1	1	1	1	1
OTU_7227	1	1	1	1	1	1	1
OTU_723	1	1	1	1	1	1	1
OTU_724	1	1	1	1	1	1	1
OTU_7250	1	1	1	1	1	1	1
OTU_726	1	1	1	1	1	1	1
OTU_73	1	1	1	1	1	1	1
OTU_731	1	1	1	1	1	1	1
OTU_732	1	1	1	1	1	1	1
OTU_733	1	1	1	1	1	1	1
OTU_734	1	1	1	1	1	1	1
OTU_7347	1	1	1	1	1	1	1
OTU_735	1	1	1	1	1	1	1
OTU_736	1	1	1	1	1	1	1
OTU_7389	1	1	1	1	1	1	1
OTU_7395	1	1	1	1	1	1	1
OTU_74	1	1	1	1	1	1	1
OTU_740	1	1	1	1	1	1	1
OTU_741	1	1	1	1	1	1	1
OTU_744	1	1	1	1	1	1	1
OTU_7459	1	1	1	1	1	1	1
OTU_7460	1	1	1	1	1	1	1
OTU_7488	1	1	1	1	1	1	1
OTU_7490	1	1	1	1	1	1	1
OTU_75	1	1	1	1	1	1	1
OTU_7512	1	1	1	1	1	1	1
OTU_7538	1	1	1	1	1	1	1
OTU_754	1	1	1	1	1	1	1
OTU_7557	1	1	1	1	1	1	1
OTU_756	1	1	1	1	1	1	1
OTU_7597	1	1	1	1	1	1	1
OTU_76	1	1	1	1	1	1	1
OTU_764	1	1	1	1	1	1	1
OTU_766	1	1	1	1	1	1	1
OTU_7661	1	1	1	1	1	1	1
OTU_7668	1	1	1	1	1	1	1
OTU_7669	1	1	1	1	1	1	1
OTU_767	1	1	1	1	1	1	1
OTU_7673	1	1	1	1	1	1	1
OTU_769	1	1	1	1	1	1	1
OTU_77	1	1	1	1	1	1	1
OTU_770	1	1	1	1	1	1	1
OTU_772	1	1	1	1	1	1	1
OTU_773	1	1	1	1	1	1	1
OTU_774	1	1	1	1	1	1	1
OTU_7758	1	1	1	1	1	1	1
OTU_7760	1	1	1	1	1	1	1
OTU_778	1	1	1	1	1	1	1
OTU_7781	1	1	1	1	1	1	1
OTU_78	1	1	1	1	1	1	1
OTU_7800	1	1	1	1	1	1	1
OTU_7819	1	1	1	1	1	1	1
OTU_783	1	1	1	1	1	1	1
OTU_7830	1	1	1	1	1	1	1
OTU_7838	1	1	1	1	1	1	1
OTU_7850	1	1	1	1	1	1	1
OTU_787	1	1	1	1	1	1	1
OTU_79	1	1	1	1	1	1	1
OTU_7904	1	1	1	1	1	1	1
OTU_791	1	1	1	1	1	1	1
OTU_795	1	1	1	1	1	1	1
OTU_796	1	1	1	1	1	1	1
OTU_798	1	1	1	1	1	1	1
OTU_8	1	1	1	1	1	1	1
OTU_80	1	1	1	1	1	1	1
OTU_8004	1	1	1	1	1	1	1
OTU_8012	1	1	1	1	1	1	1
OTU_802	1	1	1	1	1	1	1
OTU_8037	1	1	1	1	1	1	1
OTU_8050	1	1	1	1	1	1	1
OTU_807	1	1	1	1	1	1	1
OTU_809	1	1	1	1	1	1	1
OTU_81	1	1	1	1	1	1	1
OTU_813	1	1	1	1	1	1	1
OTU_8144	1	1	1	1	1	1	1
OTU_8167	1	1	1	1	1	1	1
OTU_817	1	1	1	1	1	1	1
OTU_8173	1	1	1	1	1	1	1
OTU_819	1	1	1	1	1	1	1
OTU_8191	1	1	1	1	1	1	1
OTU_82	1	1	1	1	1	1	1
OTU_821	1	1	1	1	1	1	1
OTU_8222	1	1	1	1	1	1	1
OTU_8223	1	1	1	1	1	1	1
OTU_823	1	1	1	1	1	1	1
OTU_824	1	1	1	1	1	1	1
OTU_825	1	1	1	1	1	1	1
OTU_8255	1	1	1	1	1	1	1
OTU_827	1	1	1	1	1	1	1
OTU_8284	1	1	1	1	1	1	1
OTU_83	1	1	1	1	1	1	1
OTU_830	1	1	1	1	1	1	1
OTU_8312	1	1	1	1	1	1	1
OTU_8327	1	1	1	1	1	1	1
OTU_833	1	1	1	1	1	1	1
OTU_834	1	1	1	1	1	1	1
OTU_8351	1	1	1	1	1	1	1
OTU_8397	1	1	1	1	1	1	1
OTU_84	1	1	1	1	1	1	1
OTU_840	1	1	1	1	1	1	1
OTU_8416	1	1	1	1	1	1	1
OTU_8424	1	1	1	1	1	1	1
OTU_8451	1	1	1	1	1	1	1
OTU_8479	1	1	1	1	1	1	1
OTU_8483	1	1	1	1	1	1	1
OTU_849	1	1	1	1	1	1	1
OTU_85	1	1	1	1	1	1	1
OTU_853	1	1	1	1	1	1	1
OTU_857	1	1	1	1	1	1	1
OTU_8577	1	1	1	1	1	1	1
OTU_8610	1	1	1	1	1	1	1
OTU_8625	1	1	1	1	1	1	1
OTU_864	1	1	1	1	1	1	1
OTU_8641	1	1	1	1	1	1	1
OTU_865	1	1	1	1	1	1	1
OTU_868	1	1	1	1	1	1	1
OTU_869	1	1	1	1	1	1	1
OTU_87	1	1	1	1	1	1	1
OTU_872	1	1	1	1	1	1	1
OTU_8746	1	1	1	1	1	1	1
OTU_875	1	1	1	1	1	1	1
OTU_8761	1	1	1	1	1	1	1
OTU_8768	1	1	1	1	1	1	1
OTU_8772	1	1	1	1	1	1	1
OTU_8779	1	1	1	1	1	1	1
OTU_8784	1	1	1	1	1	1	1
OTU_879	1	1	1	1	1	1	1
OTU_8792	1	1	1	1	1	1	1
OTU_88	1	1	1	1	1	1	1
OTU_8810	1	1	1	1	1	1	1
OTU_8847	1	1	1	1	1	1	1
OTU_89	1	1	1	1	1	1	1
OTU_8904	1	1	1	1	1	1	1
OTU_8908	1	1	1	1	1	1	1
OTU_895	1	1	1	1	1	1	1
OTU_896	1	1	1	1	1	1	1
OTU_897	1	1	1	1	1	1	1
OTU_898	1	1	1	1	1	1	1
OTU_8984	1	1	1	1	1	1	1
OTU_8994	1	1	1	1	1	1	1
OTU_9	1	1	1	1	1	1	1
OTU_90	1	1	1	1	1	1	1
OTU_9006	1	1	1	1	1	1	1
OTU_9008	1	1	1	1	1	1	1
OTU_901	1	1	1	1	1	1	1
OTU_9020	1	1	1	1	1	1	1
OTU_903	1	1	1	1	1	1	1
OTU_907	1	1	1	1	1	1	1
OTU_9094	1	1	1	1	1	1	1
OTU_9097	1	1	1	1	1	1	1
OTU_91	1	1	1	1	1	1	1
OTU_9119	1	1	1	1	1	1	1
OTU_9124	1	1	1	1	1	1	1
OTU_914	1	1	1	1	1	1	1
OTU_9152	1	1	1	1	1	1	1
OTU_9157	1	1	1	1	1	1	1
OTU_9166	1	1	1	1	1	1	1
OTU_919	1	1	1	1	1	1	1
OTU_9190	1	1	1	1	1	1	1
OTU_92	1	1	1	1	1	1	1
OTU_9202	1	1	1	1	1	1	1
OTU_922	1	1	1	1	1	1	1
OTU_9225	1	1	1	1	1	1	1
OTU_9227	1	1	1	1	1	1	1
OTU_923	1	1	1	1	1	1	1
OTU_9236	1	1	1	1	1	1	1
OTU_9237	1	1	1	1	1	1	1
OTU_9239	1	1	1	1	1	1	1
OTU_926	1	1	1	1	1	1	1
OTU_927	1	1	1	1	1	1	1
OTU_929	1	1	1	1	1	1	1
OTU_93	1	1	1	1	1	1	1
OTU_930	1	1	1	1	1	1	1
OTU_931	1	1	1	1	1	1	1
OTU_932	1	1	1	1	1	1	1
OTU_936	1	1	1	1	1	1	1
OTU_9367	1	1	1	1	1	1	1
OTU_937	1	1	1	1	1	1	1
OTU_939	1	1	1	1	1	1	1
OTU_9396	1	1	1	1	1	1	1
OTU_9397	1	1	1	1	1	1	1
OTU_94	1	1	1	1	1	1	1
OTU_940	1	1	1	1	1	1	1
OTU_941	1	1	1	1	1	1	1
OTU_9427	1	1	1	1	1	1	1
OTU_9435	1	1	1	1	1	1	1
OTU_9437	1	1	1	1	1	1	1
OTU_95	1	1	1	1	1	1	1
OTU_950	1	1	1	1	1	1	1
OTU_9500	1	1	1	1	1	1	1
OTU_952	1	1	1	1	1	1	1
OTU_953	1	1	1	1	1	1	1
OTU_955	1	1	1	1	1	1	1
OTU_956	1	1	1	1	1	1	1
OTU_957	1	1	1	1	1	1	1
OTU_958	1	1	1	1	1	1	1
OTU_96	1	1	1	1	1	1	1
OTU_962	1	1	1	1	1	1	1
OTU_963	1	1	1	1	1	1	1
OTU_9658	1	1	1	1	1	1	1
OTU_9659	1	1	1	1	1	1	1
OTU_9679	1	1	1	1	1	1	1
OTU_9688	1	1	1	1	1	1	1
OTU_969	1	1	1	1	1	1	1
OTU_97	1	1	1	1	1	1	1
OTU_970	1	1	1	1	1	1	1
OTU_9717	1	1	1	1	1	1	1
OTU_974	1	1	1	1	1	1	1
OTU_9765	1	1	1	1	1	1	1
OTU_977	1	1	1	1	1	1	1
OTU_98	1	1	1	1	1	1	1
OTU_980	1	1	1	1	1	1	1
OTU_982	1	1	1	1	1	1	1
OTU_983	1	1	1	1	1	1	1
OTU_9854	1	1	1	1	1	1	1
OTU_986	1	1	1	1	1	1	1
OTU_9862	1	1	1	1	1	1	1
OTU_99	1	1	1	1	1	1	1
OTU_991	1	1	1	1	1	1	1
OTU_9921	1	1	1	1	1	1	1
OTU_9951	1	1	1	1	1	1	1
OTU_9963	1	1	1	1	1	1	1
OTU_9968	1	1	1	1	1	1	1
OTU_9998	1	1	1	1	1	1	1
