Sample	berger_parker	buzas_gibson	chao1	dominance	equitability	jost	jost1	reads	richness	robbins	simpson	shannon_e	shannon_2	shannon_10
BQYCK1	0.0398	0.0184	1906.6	0.993	0.795	216.2	405.2	22000	1903	0.399	0.00715	6	8.66	2.61
BQYCK2	0.0324	0.0209	1996.4	0.994	0.807	264.2	459	22000	1993	0.407	0.00551	6.13	8.84	2.66
BQYCK3	0.0434	0.0185	1851.3	0.993	0.799	229.6	406.3	22000	1847	0.423	0.00654	6.01	8.67	2.61
BQYCK4	0.0329	0.0185	1810.4	0.994	0.801	238.3	406	22000	1805	0.424	0.006	6.01	8.67	2.61
BQYCK5	0.0505	0.0159	1752.7	0.992	0.785	190.8	350.8	22000	1749	0.414	0.008	5.86	8.45	2.55
BQYCK6	0.0404	0.0184	1898.5	0.994	0.796	227.4	405.1	22000	1894	0.415	0.00649	6	8.66	2.61
BQYCK7	0.0455	0.0157	1798.1	0.992	0.78	183.7	344.8	22000	1794	0.427	0.00831	5.84	8.43	2.54
BQYCK8	0.0212	0.0248	2092.2	0.996	0.824	331.9	545.9	22000	2089	0.392	0.00423	6.3	9.09	2.74
BQYCK9	0.039	0.0198	1902.8	0.994	0.805	250.1	436.5	22000	1899	0.413	0.00593	6.08	8.77	2.64
BQYNPK1	0.0605	0.0119	1636.2	0.987	0.753	126.9	262	22000	1632	0.419	0.0128	5.57	8.03	2.42
BQYNPK2	0.0786	0.00921	1464.7	0.983	0.729	96.4	202.7	22000	1460	0.446	0.0168	5.31	7.66	2.31
BQYNPK3	0.048	0.0113	1535	0.989	0.752	132.1	248.5	22000	1531	0.424	0.0113	5.52	7.96	2.4
BQYNPK4	0.138	0.00589	1269.1	0.969	0.681	54.9	129.5	22000	1264	0.462	0.0312	4.86	7.02	2.11
BQYNPK5	0.0573	0.00849	1375.1	0.985	0.724	97.3	186.8	22000	1370	0.45	0.0153	5.23	7.55	2.27
BQYNPK6	0.065	0.00928	1336.1	0.986	0.739	107.2	204.3	22000	1332	0.415	0.0142	5.32	7.67	2.31
BQYNPK7	0.0815	0.00814	1322.8	0.982	0.722	88.1	179	22000	1318	0.44	0.018	5.19	7.48	2.25
BQYNPK8	0.0538	0.0107	1608.1	0.987	0.739	117.3	234.5	22000	1604	0.44	0.0131	5.46	7.87	2.37
BQYNPK9	0.0504	0.0118	1720.5	0.989	0.746	132	258.7	22000	1716	0.455	0.0115	5.56	8.02	2.41
BQYNPKM1	0.0215	0.0265	2152.6	0.996	0.83	354.1	583.1	22000	2150	0.376	0.004	6.37	9.19	2.77
BQYNPKM2	0.0214	0.0269	2184.3	0.996	0.83	359.2	592	22000	2180	0.408	0.00396	6.38	9.21	2.77
BQYNPKM3	0.0165	0.031	2343.3	0.997	0.841	417	681	22000	2340	0.392	0.0034	6.52	9.41	2.83
BQYNPKM4	0.0183	0.0279	2223.9	0.996	0.833	372.9	614.8	22000	2221	0.387	0.00382	6.42	9.26	2.79
BQYNPKM5	0.0221	0.0244	2087	0.996	0.822	326.3	536	22000	2083	0.408	0.0043	6.28	9.07	2.73
BQYNPKM6	0.0175	0.0261	2101.1	0.996	0.831	355.1	574.8	22000	2098	0.386	0.00392	6.35	9.17	2.76
BQYNPKM7	0.0238	0.0266	2202.8	0.996	0.828	343	584.4	22000	2200	0.382	0.00426	6.37	9.19	2.77
BQYNPKM8	0.0195	0.0297	2350.7	0.996	0.835	386.5	653.4	22000	2347	0.402	0.0038	6.48	9.35	2.82
BQYNPKM9	0.0201	0.0257	2183.3	0.996	0.825	334.6	566.3	22000	2180	0.394	0.00431	6.34	9.15	2.75
BYCCK1	0.0265	0.0322	2609.2	0.996	0.834	380.6	708	22000	2606	0.397	0.00419	6.56	9.47	2.85
BYCCK2	0.0245	0.0346	2685.8	0.996	0.84	417.9	760.6	22000	2683	0.39	0.00376	6.63	9.57	2.88
BYCCK3	0.026	0.0338	2619.1	0.996	0.84	406	744	22000	2616	0.379	0.0039	6.61	9.54	2.87
BYCCK4	0.0323	0.0355	2676.2	0.996	0.844	420	780.6	22000	2673	0.382	0.00394	6.66	9.61	2.89
BYCCK5	0.0318	0.0325	2668.8	0.996	0.833	372.8	714.4	22000	2666	0.399	0.00444	6.57	9.48	2.85
BYCCK6	0.0289	0.0345	2719.7	0.996	0.839	401.5	759.6	22000	2717	0.388	0.00409	6.63	9.57	2.88
BYCCK7	0.0224	0.0337	2716.5	0.996	0.836	390.3	741.8	22000	2714	0.382	0.00413	6.61	9.53	2.87
BYCCK8	0.029	0.0312	2574	0.995	0.832	357.3	686.6	22000	2571	0.379	0.00457	6.53	9.42	2.84
BYCCK9	0.0264	0.0313	2645.2	0.995	0.829	357.2	689.2	22000	2642	0.401	0.00454	6.54	9.43	2.84
BYCNPK1	0.028	0.0346	2741.7	0.996	0.838	406.4	761.6	22000	2739	0.391	0.00398	6.64	9.57	2.88
BYCNPK2	0.032	0.0311	2634.8	0.995	0.829	346.8	684.4	22000	2632	0.391	0.00484	6.53	9.42	2.84
BYCNPK3	0.0281	0.0347	2720.8	0.996	0.84	410	764	22000	2718	0.386	0.00393	6.64	9.58	2.88
BYCNPK4	0.0362	0.0325	2601.5	0.995	0.836	371.4	714.3	22000	2598	0.393	0.00456	6.57	9.48	2.85
BYCNPK5	0.0377	0.0312	2506.1	0.995	0.835	359.3	685.8	22000	2503	0.384	0.0047	6.53	9.42	2.84
BYCNPK6	0.0222	0.0338	2582.9	0.996	0.842	420.5	743.3	22000	2580	0.386	0.00366	6.61	9.54	2.87
BYCNPK7	0.037	0.0311	2534.5	0.995	0.833	358.6	683.9	22000	2531	0.398	0.00468	6.53	9.42	2.83
BYCNPK8	0.03	0.0317	2537.2	0.996	0.835	375.6	697	22000	2534	0.391	0.00431	6.55	9.45	2.84
BYCNPK9	0.0326	0.0345	2722	0.996	0.839	398.4	758.5	22000	2719	0.389	0.00416	6.63	9.57	2.88
BYCNPKM1	0.0329	0.0357	2788.7	0.996	0.84	402.1	784.9	22000	2786	0.379	0.00423	6.67	9.62	2.89
BYCNPKM2	0.0288	0.0366	2866.2	0.996	0.841	420.2	806.3	22000	2863	0.399	0.00394	6.69	9.66	2.91
BYCNPKM3	0.0262	0.0341	2709.7	0.996	0.838	399.7	750.6	22000	2707	0.386	0.004	6.62	9.55	2.88
BYCNPKM4	0.0243	0.0305	2625.1	0.995	0.827	350.2	671.8	22000	2622	0.401	0.00457	6.51	9.39	2.83
BYCNPKM5	0.0235	0.0314	2612	0.996	0.831	361.8	691.7	22000	2609	0.389	0.00444	6.54	9.43	2.84
BYCNPKM6	0.0275	0.0292	2570.4	0.995	0.824	330.7	643.4	22000	2567	0.404	0.0049	6.47	9.33	2.81
BYCNPKM7	0.0227	0.0333	2658.9	0.996	0.837	402.6	732.5	22000	2656	0.391	0.00384	6.6	9.52	2.86
BYCNPKM8	0.0282	0.0305	2630.1	0.996	0.827	356.7	670.5	22000	2627	0.411	0.00441	6.51	9.39	2.83
BYCNPKM9	0.023	0.0308	2643.9	0.996	0.827	355.1	678	22000	2641	0.393	0.00445	6.52	9.41	2.83
BYYCK1	0.0285	0.0336	2737.3	0.996	0.835	385.6	739.7	22000	2734	0.397	0.00426	6.61	9.53	2.87
BYYCK2	0.0265	0.0334	2681.8	0.996	0.836	391.3	734.2	22000	2679	0.385	0.00407	6.6	9.52	2.87
BYYCK3	0.0341	0.0297	2505.7	0.995	0.828	344.2	652.9	22000	2503	0.382	0.00468	6.48	9.35	2.81
BYYCK4	0.0383	0.03	2570.6	0.995	0.827	339	659.6	22000	2568	0.391	0.00491	6.49	9.37	2.82
BYYCK5	0.0327	0.0339	2746.2	0.996	0.836	392.8	746	22000	2743	0.401	0.00417	6.61	9.54	2.87
BYYCK6	0.0302	0.0338	2739.6	0.996	0.835	389.4	743.7	22000	2737	0.389	0.00422	6.61	9.54	2.87
BYYCK7	0.0272	0.0372	2881.5	0.996	0.842	425.5	818.3	22000	2879	0.385	0.00393	6.71	9.68	2.91
BYYCK8	0.033	0.0335	2707.7	0.996	0.835	378.6	736.2	22000	2705	0.38	0.00442	6.6	9.52	2.87
BYYCK9	0.0309	0.0323	2733	0.995	0.83	363.7	709.7	22000	2730	0.406	0.00452	6.56	9.47	2.85
BYYNPK1	0.0237	0.0368	2814.8	0.996	0.843	430.8	808.5	22000	2812	0.39	0.00374	6.7	9.66	2.91
BYYNPK2	0.0205	0.033	2567	0.996	0.839	411.8	726.4	22000	2564	0.389	0.00369	6.59	9.5	2.86
BYYNPK3	0.0202	0.0306	2455.1	0.996	0.834	375.8	672.5	22000	2452	0.384	0.00405	6.51	9.39	2.83
BYYNPK4	0.0183	0.0335	2575.9	0.996	0.841	417.3	736.7	22000	2573	0.391	0.00364	6.6	9.52	2.87
BYYNPK5	0.0253	0.0305	2476.6	0.996	0.833	367.5	672	22000	2473	0.39	0.00426	6.51	9.39	2.83
BYYNPK6	0.023	0.0337	2654.9	0.996	0.839	399	742.5	22000	2652	0.387	0.00401	6.61	9.54	2.87
BYYNPK7	0.0291	0.0349	2709	0.996	0.841	412.3	768.9	22000	2706	0.387	0.00393	6.64	9.59	2.89
BYYNPK8	0.0187	0.0357	2745.9	0.997	0.842	439	785.8	22000	2743	0.396	0.00349	6.67	9.62	2.9
BYYNPK9	0.0247	0.0327	2602.4	0.996	0.837	393.1	719.7	22000	2600	0.379	0.00399	6.58	9.49	2.86
BYYNPKM1	0.0274	0.0347	2835.2	0.996	0.835	391.5	763.3	22000	2832	0.402	0.00421	6.64	9.58	2.88
BYYNPKM2	0.0242	0.0331	2753.4	0.996	0.832	378.1	727.3	22000	2750	0.401	0.00425	6.59	9.51	2.86
BYYNPKM3	0.0245	0.0319	2719	0.996	0.829	359.9	700.9	22000	2716	0.404	0.00449	6.55	9.45	2.85
BYYNPKM4	0.0253	0.0313	2630.5	0.995	0.83	357.2	689.6	22000	2628	0.385	0.00454	6.54	9.43	2.84
BYYNPKM5	0.0269	0.0316	2569.8	0.996	0.834	371	694.7	22000	2567	0.371	0.00426	6.54	9.44	2.84
BYYNPKM6	0.0272	0.0325	2692.7	0.996	0.832	367.3	715.1	22000	2690	0.394	0.00448	6.57	9.48	2.85
BYYNPKM7	0.0293	0.0307	2585.6	0.995	0.829	352.1	674.8	22000	2583	0.382	0.00457	6.51	9.4	2.83
BYYNPKM8	0.0287	0.0283	2535.5	0.995	0.821	322	622.8	22000	2532	0.413	0.00495	6.43	9.28	2.79
BYYNPKM9	0.0283	0.032	2603	0.996	0.834	369.1	703.1	22000	2600	0.383	0.00437	6.56	9.46	2.85
BCCCK1	0.032	0.0285	2389.1	0.995	0.828	339.2	627.6	22000	2386	0.393	0.00474	6.44	9.29	2.8
BCCCK2	0.0336	0.0293	2474	0.995	0.828	339.6	645.4	22000	2471	0.392	0.00484	6.47	9.33	2.81
BCCCK3	0.031	0.032	2612.2	0.996	0.834	376.3	704.7	22000	2609	0.398	0.0043	6.56	9.46	2.85
BCCNPK1	0.0193	0.0377	2658.7	0.997	0.852	488.5	828.6	22000	2655	0.385	0.00309	6.72	9.69	2.92
BCCNPK2	0.022	0.0382	2677.6	0.997	0.853	493.1	839.4	22000	2675	0.376	0.00309	6.73	9.71	2.92
BCCNPK3	0.0244	0.0325	2474.8	0.996	0.841	411.3	715	22000	2472	0.382	0.00372	6.57	9.48	2.85
BCCNPKM1	0.0241	0.0302	2342.5	0.996	0.838	380.5	665.3	22000	2340	0.364	0.00399	6.5	9.38	2.82
BCCNPKM2	0.0213	0.0315	2522	0.996	0.835	387.4	692.4	22000	2519	0.381	0.00392	6.54	9.44	2.84
BCCNPKM3	0.0236	0.0323	2470.2	0.996	0.841	407.7	710	22000	2467	0.387	0.00374	6.57	9.47	2.85
RQYCK1	0.0364	0.0172	1724.4	0.993	0.796	210.2	377.8	22000	1721	0.382	0.00716	5.93	8.56	2.58
RQYCK2	0.0314	0.0185	1738.5	0.994	0.805	235	405.9	22000	1736	0.366	0.00622	6.01	8.67	2.61
RQYCK3	0.0283	0.0214	1975.2	0.995	0.811	269.8	470.7	22000	1972	0.389	0.0054	6.15	8.88	2.67
RQYCK4	0.0399	0.0205	1887.2	0.994	0.81	261.3	450.8	22000	1883	0.402	0.0057	6.11	8.82	2.65
RQYCK5	0.0508	0.0177	1833.6	0.992	0.794	207.9	390	22000	1830	0.398	0.00758	5.97	8.61	2.59
RQYCK6	0.0333	0.0202	1929.5	0.994	0.806	256.1	444.4	22000	1926	0.402	0.00568	6.1	8.8	2.65
RQYCK7	0.0352	0.0196	1912	0.994	0.803	244.1	431.3	22000	1909	0.397	0.00606	6.07	8.75	2.63
RQYCK8	0.0236	0.0222	1882.5	0.995	0.821	296.4	487.5	22000	1879	0.378	0.00476	6.19	8.93	2.69
RQYCK9	0.035	0.0206	1847.2	0.995	0.813	270.5	452.7	22000	1844	0.38	0.00531	6.12	8.82	2.66
RQYNPK1	0.0381	0.0166	1909.1	0.992	0.781	185.6	364.6	22000	1906	0.41	0.00846	5.9	8.51	2.56
RQYNPK2	0.0532	0.0133	1734.5	0.989	0.762	147.2	293.2	22000	1731	0.427	0.0107	5.68	8.2	2.47
RQYNPK3	0.0385	0.0161	1741.4	0.992	0.786	193.5	353.2	22000	1738	0.391	0.00775	5.87	8.46	2.55
RQYNPK4	0.0418	0.012	1563.3	0.989	0.758	138.7	264	22000	1560	0.406	0.0109	5.58	8.04	2.42
RQYNPK5	0.0488	0.0111	1612.9	0.987	0.745	119.3	244.5	22000	1610	0.408	0.013	5.5	7.93	2.39
RQYNPK6	0.0415	0.0141	1720.3	0.99	0.77	160.1	309.4	22000	1717	0.406	0.00957	5.73	8.27	2.49
RQYNPK7	0.0577	0.0124	1579.1	0.989	0.762	142.9	272.3	22000	1575	0.425	0.0108	5.61	8.09	2.44
RQYNPK8	0.0518	0.0133	1571.6	0.99	0.772	154.9	293.5	22000	1568	0.403	0.01	5.68	8.2	2.47
RQYNPK9	0.0506	0.011	1490.2	0.988	0.751	128.4	241.1	22000	1486	0.429	0.0116	5.49	7.91	2.38
RQYNPKM1	0.0726	0.0162	2033.7	0.987	0.771	143	355.9	22000	2031	0.397	0.0133	5.87	8.48	2.55
RQYNPKM2	0.0401	0.0242	2172.9	0.994	0.817	279.5	532.7	22000	2169	0.386	0.00586	6.28	9.06	2.73
RQYNPKM3	0.039	0.0223	2175.1	0.993	0.806	248.3	490.9	22000	2172	0.387	0.00657	6.2	8.94	2.69
RQYNPKM4	0.0509	0.0232	2145.5	0.994	0.813	265.7	510.6	22000	2143	0.38	0.00634	6.24	9	2.71
RQYNPKM5	0.0637	0.0216	2217	0.992	0.8	220.3	474.4	22000	2214	0.397	0.00831	6.16	8.89	2.68
RQYNPKM6	0.0663	0.02	2128.8	0.991	0.795	202.5	441	22000	2126	0.387	0.00901	6.09	8.78	2.64
RQYNPKM7	0.0187	0.029	2319.9	0.996	0.833	378.2	637.7	22000	2317	0.387	0.00381	6.46	9.32	2.8
RQYNPKM8	0.0205	0.0258	2200.6	0.995	0.824	323.3	567.9	22000	2197	0.382	0.00457	6.34	9.15	2.75
RQYNPKM9	0.0309	0.0236	2295	0.994	0.808	261.9	518.7	22000	2292	0.389	0.00613	6.25	9.02	2.71
RYCCK1	0.0254	0.0321	2623.9	0.996	0.833	380.8	706.4	22000	2621	0.398	0.00417	6.56	9.46	2.85
RYCCK2	0.135	0.0173	2336.5	0.978	0.766	112.9	380.5	22000	2334	0.403	0.0218	5.94	8.57	2.58
RYCCK3	0.0901	0.0203	2453.6	0.987	0.782	159.6	446.9	22000	2451	0.399	0.0134	6.1	8.8	2.65
RYCCK4	0.0989	0.015	1884.7	0.985	0.769	131.3	329.1	22000	1881	0.4	0.0152	5.8	8.36	2.52
RYCCK5	0.0465	0.0197	2012.8	0.992	0.799	215.3	434.2	22000	2010	0.38	0.0078	6.07	8.76	2.64
RYCCK6	0.0592	0.0206	2034	0.992	0.803	217.8	452.7	22000	2031	0.374	0.00815	6.12	8.82	2.66
RYCCK7	0.0422	0.0195	1948.7	0.993	0.801	219.5	429.9	22000	1946	0.374	0.00738	6.06	8.75	2.63
RYCCK8	0.11	0.0145	1818.3	0.983	0.769	121.6	319.6	22000	1815	0.382	0.0173	5.77	8.32	2.5
RYCCK9	0.203	0.0102	1843.6	0.955	0.719	54.4	223.3	22000	1840	0.399	0.0449	5.41	7.8	2.35
RYCNPK1	0.348	0.00477	1718.9	0.876	0.625	17.6	105	22000	1716	0.399	0.124	4.65	6.71	2.02
RYCNPK2	0.232	0.00706	1795.4	0.939	0.673	35.8	155.2	22000	1792	0.4	0.0615	5.04	7.28	2.19
RYCNPK3	0.214	0.00684	1770	0.943	0.671	37.1	150.5	22000	1766	0.431	0.0566	5.01	7.23	2.18
RYCNPK4	0.409	0.00298	1575.7	0.83	0.568	11.5	65.6	22000	1572	0.414	0.17	4.18	6.04	1.82
RYCNPK5	0.315	0.00532	1714.5	0.897	0.64	21.3	117	22000	1711	0.401	0.103	4.76	6.87	2.07
RYCNPK6	0.112	0.0119	1866.5	0.978	0.74	89.7	262.8	22000	1863	0.401	0.0225	5.57	8.04	2.42
RYCNPK7	0.0815	0.0167	2005.3	0.987	0.777	148.6	367.3	22000	2002	0.392	0.0131	5.91	8.52	2.57
RYCNPK8	0.0247	0.0258	2141.4	0.995	0.827	321.1	568.5	22000	2139	0.358	0.0047	6.34	9.15	2.75
RYCNPK9	0.184	0.0101	1893.1	0.96	0.716	57.3	222.6	22000	1890	0.39	0.0401	5.41	7.8	2.35
RYCNPKM1	0.154	0.0122	1976.4	0.971	0.737	78	268.7	22000	1973	0.394	0.0294	5.59	8.07	2.43
RYCNPKM2	0.21	0.0104	1954.8	0.952	0.717	51.6	228.9	22000	1951	0.393	0.048	5.43	7.84	2.36
RYCNPKM3	0.0181	0.0283	2272.7	0.996	0.832	368	621.9	22000	2270	0.373	0.00388	6.43	9.28	2.79
RYCNPKM4	0.251	0.00782	1824.8	0.933	0.686	35.7	172.1	22000	1822	0.403	0.0668	5.15	7.43	2.24
RYCNPKM5	0.0824	0.0148	1874.6	0.987	0.768	138	324.9	22000	1872	0.379	0.0133	5.78	8.34	2.51
RYCNPKM6	0.149	0.0138	2018.2	0.974	0.752	90.1	304.3	22000	2015	0.394	0.0265	5.72	8.25	2.48
RYCNPKM7	0.025	0.026	2213.1	0.995	0.824	324.2	571.2	22000	2210	0.377	0.00459	6.35	9.16	2.76
RYCNPKM8	0.185	0.00815	1711	0.954	0.697	46.9	179.3	22000	1708	0.386	0.0458	5.19	7.49	2.25
RYCNPKM9	0.109	0.0157	1921.7	0.984	0.773	132.2	345.7	22000	1919	0.381	0.0162	5.85	8.43	2.54
RYYCK2	0.171	0.00732	1742.3	0.961	0.681	49.8	161	22000	1739	0.416	0.0393	5.08	7.33	2.21
RYYCK3	0.0542	0.0148	1904	0.989	0.766	148	325.2	22000	1901	0.39	0.0113	5.78	8.35	2.51
RYYCK4	0.0975	0.00607	1521.5	0.97	0.668	53.2	133.6	22000	1518	0.436	0.0297	4.89	7.06	2.13
RYYCK5	0.226	0.00472	1549.5	0.936	0.632	29.8	103.8	22000	1546	0.429	0.0637	4.64	6.7	2.02
RYYCK6	0.292	0.00346	1456.3	0.901	0.595	18.9	76	22000	1453	0.416	0.0991	4.33	6.25	1.88
RYYCK7	0.0956	0.00663	1589.6	0.972	0.676	57.4	145.8	22000	1586	0.422	0.0277	4.98	7.19	2.16
RYYCK8	0.112	0.00751	1620.4	0.972	0.691	61.4	165.3	22000	1617	0.412	0.0279	5.11	7.37	2.22
RYYCK9	0.221	0.00505	1430.2	0.94	0.648	32.7	111	22000	1427	0.404	0.0596	4.71	6.79	2.05
RYYNPK1	0.0664	0.00997	1619.6	0.982	0.73	93.2	219.4	22000	1617	0.386	0.0177	5.39	7.78	2.34
RYYNPK2	0.137	0.00729	1515	0.969	0.694	57.6	160.4	22000	1511	0.4	0.0314	5.08	7.33	2.21
RYYNPK3	0.197	0.00608	1478.6	0.951	0.671	40.6	133.8	22000	1475	0.409	0.0488	4.9	7.06	2.13
RYYNPK4	0.0511	0.0116	1696.3	0.986	0.745	115.5	254.3	22000	1693	0.394	0.0139	5.54	7.99	2.41
RYYNPK5	0.131	0.00693	1473.7	0.971	0.689	59.5	152.4	22000	1470	0.414	0.0291	5.03	7.25	2.18
RYYNPK6	0.0666	0.0117	1687.3	0.985	0.747	111.7	257.4	22000	1684	0.388	0.0151	5.55	8.01	2.41
RYYNPK7	0.0723	0.0117	1671.7	0.985	0.748	113	256.4	22000	1668	0.398	0.015	5.55	8	2.41
RYYNPK8	0.119	0.00788	1502.1	0.974	0.705	68.8	173.4	22000	1498	0.419	0.0255	5.16	7.44	2.24
RYYNPK9	0.146	0.0108	1773.1	0.972	0.731	77.1	237	22000	1770	0.391	0.0279	5.47	7.89	2.37
RYYNPKM1	0.204	0.0057	1459.4	0.948	0.663	38.3	125.4	22000	1456	0.406	0.0516	4.83	6.97	2.1
RYYNPKM2	0.298	0.00459	1567.1	0.906	0.628	22.2	101	22000	1564	0.408	0.0944	4.62	6.66	2
RYYNPKM3	0.169	0.0106	1812	0.967	0.727	68.1	233.2	22000	1809	0.38	0.0335	5.45	7.87	2.37
RYYNPKM4	0.115	0.0121	1762	0.98	0.747	98	265.8	22000	1759	0.38	0.0204	5.58	8.05	2.42
RYYNPKM5	0.197	0.0087	1807.2	0.955	0.701	50.1	191.4	22000	1804	0.397	0.0447	5.25	7.58	2.28
RYYNPKM6	0.233	0.00715	1670	0.941	0.682	38.1	157.2	22000	1667	0.402	0.0595	5.06	7.3	2.2
RYYNPKM7	0.173	0.00732	1476.3	0.962	0.697	53.5	161.1	22000	1473	0.395	0.0377	5.08	7.33	2.21
RYYNPKM8	0.113	0.00739	1655.3	0.967	0.687	54.7	162.5	22000	1652	0.407	0.0328	5.09	7.34	2.21
RYYNPKM9	0.12	0.00909	1699.6	0.974	0.713	71.4	200	22000	1696	0.403	0.026	5.3	7.64	2.3
RCCSCK1	0.11	0.0111	1878.1	0.975	0.73	79.1	244.7	22000	1874	0.408	0.0251	5.5	7.93	2.39
RCCSCK2	0.0439	0.0193	2055.6	0.992	0.793	202.5	423.9	22000	2052	0.4	0.00832	6.05	8.73	2.63
RCCSCK3	0.045	0.0199	2138	0.991	0.794	195.9	438.8	22000	2134	0.399	0.00909	6.08	8.78	2.64
RCCSNPK1	0.0511	0.0224	2141.9	0.993	0.809	236.7	493.9	22000	2139	0.376	0.00744	6.2	8.95	2.69
RCCSNPK2	0.0435	0.0166	1960.1	0.991	0.779	174.5	366	22000	1957	0.405	0.00937	5.9	8.52	2.56
RCCSNPK3	0.0373	0.02	1982.3	0.993	0.802	226.6	440	22000	1979	0.375	0.00704	6.09	8.78	2.64
RCCSNPKM1	0.043	0.0249	2208	0.994	0.819	285.2	548.7	22000	2205	0.369	0.00581	6.31	9.1	2.74
RCCSNPKM2	0.0352	0.0224	2185.8	0.994	0.806	254.2	492.4	22000	2183	0.383	0.00624	6.2	8.94	2.69
RCCSNPKM3	0.0326	0.0237	2175.6	0.994	0.814	275	521	22000	2173	0.372	0.00574	6.26	9.03	2.72
RCCLCK1	0.0744	0.0176	2076	0.989	0.781	170	387.9	22000	2073	0.395	0.0108	5.96	8.6	2.59
RCCLCK2	0.183	0.0125	2097.8	0.963	0.735	67.4	275.7	22000	2095	0.395	0.0373	5.62	8.11	2.44
RCCLCK3	0.35	0.00483	1891.2	0.875	0.619	17.3	106.3	22000	1888	0.425	0.125	4.67	6.73	2.03
RCCLNPK1	0.0688	0.0211	2173.6	0.991	0.799	204.2	463.9	22000	2171	0.371	0.0094	6.14	8.86	2.67
RCCLNPK2	0.189	0.0106	1933.6	0.96	0.72	59.3	232.8	22000	1931	0.399	0.0403	5.45	7.86	2.37
RCCLNPK3	0.137	0.00833	1902.4	0.961	0.69	51.5	183.3	22000	1899	0.421	0.039	5.21	7.52	2.26
RCCLNPKM1	0.049	0.0192	1973.7	0.992	0.797	204.2	421.4	22000	1971	0.367	0.0083	6.04	8.72	2.62
RCCLNPKM2	0.0293	0.019	2008.7	0.993	0.794	212.3	418.5	22000	2006	0.382	0.00739	6.04	8.71	2.62
RCCLNPKM3	0.0496	0.0253	2204.8	0.994	0.821	285.3	556.4	22000	2202	0.372	0.00605	6.32	9.12	2.75
REQYCK1	0.0665	0.0061	1200.1	0.979	0.691	68.5	134.3	22000	1197	0.399	0.0208	4.9	7.07	2.13
REQYCK2	0.0698	0.00944	1464.7	0.985	0.732	102.8	207.7	22000	1461	0.408	0.0149	5.34	7.7	2.32
REQYCK3	0.043	0.00871	1313.8	0.987	0.732	104.6	191.7	22000	1310	0.387	0.0133	5.26	7.58	2.28
REQYCK4	0.197	0.00465	1204.2	0.952	0.653	38.2	102.4	22000	1201	0.415	0.0484	4.63	6.68	2.01
REQYCK5	0.171	0.00194	860.2	0.928	0.556	19.7	42.7	22000	855	0.473	0.0724	3.76	5.42	1.63
REQYCK6	0.159	0.00339	1002.9	0.953	0.624	33.1	74.5	22000	1000	0.417	0.0466	4.31	6.22	1.87
REQYCK7	0.164	0.00353	1022.2	0.957	0.629	35.9	77.7	22000	1016	0.454	0.0433	4.35	6.28	1.89
REQYCK8	0.068	0.00665	1183.2	0.981	0.705	76	146.3	22000	1180	0.41	0.0192	4.99	7.19	2.17
REQYCK9	0.119	0.00556	1163.6	0.973	0.681	59.2	122.3	22000	1160	0.425	0.0265	4.81	6.93	2.09
REQYNPK1	0.12	0.00249	774.8	0.953	0.603	29.2	54.9	22000	769	0.468	0.0472	4.01	5.78	1.74
REQYNPK2	0.155	0.0027	876.6	0.948	0.603	28.3	59.3	22000	871	0.471	0.0517	4.08	5.89	1.77
REQYNPK3	0.131	0.00342	884.8	0.961	0.637	37.6	75.3	22000	881	0.414	0.0388	4.32	6.23	1.88
REQYNPK4	0.159	0.00183	725	0.929	0.562	19.7	40.2	22000	717	0.478	0.0715	3.69	5.33	1.6
REQYNPK5	0.156	0.00198	606.5	0.937	0.59	22.7	43.5	22000	600	0.473	0.0626	3.77	5.44	1.64
REQYNPK6	0.143	0.00186	661.2	0.937	0.572	21.8	41	22000	655	0.5	0.0628	3.71	5.36	1.61
REQYNPK7	0.12	0.00265	698.2	0.958	0.622	32.6	58.3	22000	692	0.472	0.0422	4.07	5.87	1.77
REQYNPK8	0.417	0.00101	603.8	0.811	0.485	8.35	22.2	22000	599	0.475	0.189	3.1	4.47	1.35
REQYNPK9	0.303	0.000998	587.2	0.864	0.485	10.3	21.9	22000	581	0.495	0.136	3.09	4.46	1.34
REQYNPKM1	0.241	0.00105	610.3	0.892	0.49	12.1	23	22000	604	0.488	0.108	3.14	4.52	1.36
REQYNPKM2	0.154	0.00174	678.4	0.934	0.56	20.3	38.3	22000	672	0.48	0.0663	3.65	5.26	1.58
REQYNPKM3	0.127	0.00357	1147.8	0.951	0.62	31.5	78.6	22000	1145	0.411	0.0494	4.36	6.3	1.9
REQYNPKM4	0.248	0.00241	1068	0.92	0.569	20.2	52.9	22000	1064	0.465	0.0801	3.97	5.73	1.72
REQYNPKM5	0.487	0.000754	753.2	0.75	0.424	6.04	16.6	22000	749	0.485	0.25	2.81	4.05	1.22
REQYNPKM6	0.24	0.00271	1099.3	0.923	0.584	21.6	59.7	22000	1096	0.433	0.0769	4.09	5.9	1.78
REQYNPKM7	0.124	0.00244	875.8	0.95	0.588	27.1	53.6	22000	872	0.446	0.0501	3.98	5.74	1.73
REQYNPKM8	0.187	0.00268	1132.9	0.926	0.58	21.6	59	22000	1129	0.45	0.0735	4.08	5.88	1.77
REQYNPKM9	0.162	0.00338	1164.9	0.947	0.61	29.4	74.3	22000	1161	0.434	0.0533	4.31	6.22	1.87
REYCCK1	0.109	0.00845	1557.3	0.977	0.711	74.4	185.9	22000	1554	0.411	0.0234	5.23	7.54	2.27
REYCCK2	0.0655	0.00821	1536.3	0.982	0.708	82.7	180.5	22000	1534	0.399	0.0183	5.2	7.5	2.26
REYCCK3	0.097	0.00583	1207	0.977	0.684	64.1	128.3	22000	1203	0.442	0.0232	4.85	7	2.11
REYCCK4	0.0897	0.00549	1385.3	0.97	0.663	51.3	120.8	22000	1380	0.453	0.0304	4.79	6.92	2.08
REYCCK5	0.111	0.00456	1215.7	0.965	0.649	44	100.4	22000	1212	0.442	0.0349	4.61	6.65	2
REYCCK6	0.247	0.00273	1137.4	0.918	0.583	20.6	60.1	22000	1132	0.457	0.0821	4.1	5.91	1.78
REYCCK7	0.113	0.00463	1150.9	0.962	0.657	42.6	101.9	22000	1145	0.443	0.0378	4.62	6.67	2.01
REYCCK8	0.137	0.00429	1192.8	0.956	0.642	37.5	94.5	22000	1188	0.452	0.0435	4.55	6.56	1.98
REYCCK9	0.399	0.00167	1052.9	0.832	0.518	10.3	36.7	22000	1048	0.472	0.168	3.6	5.2	1.56
REYCNPK1	0.156	0.00354	959.7	0.958	0.635	36.8	78	22000	955	0.456	0.0419	4.36	6.28	1.89
REYCNPK2	0.297	0.00147	846.1	0.881	0.516	12.8	32.3	22000	838	0.514	0.119	3.47	5.01	1.51
REYCNPK3	0.312	0.00175	996.1	0.876	0.529	13	38.6	22000	992	0.458	0.124	3.65	5.27	1.59
REYCNPK4	0.108	0.00352	1039.7	0.961	0.627	36.7	77.5	22000	1035	0.454	0.0393	4.35	6.28	1.89
REYCNPK5	0.056	0.00679	1217.4	0.982	0.705	78.2	149.3	22000	1214	0.408	0.0181	5.01	7.22	2.17
REYCNPK6	0.143	0.00351	1078.4	0.953	0.623	33.1	77.3	22000	1075	0.437	0.0471	4.35	6.27	1.89
REYCNPK7	0.0886	0.00748	1212.3	0.981	0.719	81.5	164.7	22000	1208	0.394	0.019	5.1	7.36	2.22
REYCNPK8	0.108	0.00619	1145.3	0.976	0.698	65	136.1	22000	1142	0.403	0.0243	4.91	7.09	2.13
REYCNPK9	0.134	0.00574	1038.2	0.972	0.697	59.8	126.4	22000	1034	0.402	0.028	4.84	6.98	2.1
REYCNPKM1	0.327	0.000869	660.6	0.828	0.455	8.05	19.1	22000	657	0.433	0.172	2.95	4.26	1.28
REYCNPKM2	0.103	0.00318	788.5	0.963	0.638	37.6	70	22000	781	0.446	0.0371	4.25	6.13	1.85
REYCNPKM3	0.108	0.00476	1021.6	0.971	0.671	52	104.6	22000	1018	0.415	0.0286	4.65	6.71	2.02
REYCNPKM4	0.414	0.000464	551.7	0.731	0.369	4.75	10.2	22000	546	0.477	0.269	2.32	3.35	1.01
REYCNPKM5	0.366	0.000852	517.6	0.836	0.47	8.73	18.7	22000	512	0.456	0.164	2.93	4.23	1.27
REYCNPKM6	0.126	0.00313	769.9	0.956	0.637	33.9	68.9	22000	766	0.398	0.0435	4.23	6.11	1.84
REYCNPKM7	0.248	0.00336	978	0.926	0.625	24.6	73.8	22000	973	0.38	0.0742	4.3	6.21	1.87
REYCNPKM8	0.261	0.00232	735.9	0.915	0.596	19.8	51	22000	733	0.372	0.085	3.93	5.67	1.71
REYCNPKM9	0.167	0.00324	918.1	0.947	0.626	30.1	71.2	22000	914	0.413	0.0527	4.27	6.15	1.85
REYYCK1	0.175	0.00149	722.9	0.923	0.531	17.1	32.8	22000	719	0.46	0.0774	3.49	5.04	1.52
REYYCK2	0.349	0.000462	282.7	0.819	0.412	6.69	10.2	22000	278	0.484	0.181	2.32	3.34	1.01
REYYCK3	0.231	0.000965	376.8	0.898	0.516	12.7	21.2	22000	371	0.457	0.102	3.06	4.41	1.33
REYYCK4	0.257	0.00122	520.5	0.888	0.527	12.8	26.8	22000	515	0.432	0.112	3.29	4.74	1.43
REYYCK5	0.559	0.000319	334.1	0.652	0.336	3.68	7.02	22000	331	0.446	0.348	1.95	2.81	0.846
REYYCK6	0.24	0.000576	322.6	0.868	0.441	8.78	12.7	22000	318	0.486	0.132	2.54	3.66	1.1
REYYCK7	0.246	0.000928	452.3	0.89	0.494	11.7	20.4	22000	446	0.461	0.11	3.02	4.35	1.31
REYYCK8	0.318	0.000746	383.4	0.855	0.471	9.22	16.4	22000	379	0.468	0.145	2.8	4.04	1.22
REYYCK9	0.243	0.000829	441.8	0.868	0.478	9.86	18.2	22000	437	0.466	0.132	2.9	4.19	1.26
REYYNPK1	0.624	0.000284	352.6	0.595	0.314	3.19	6.26	22000	347	0.511	0.405	1.83	2.65	0.796
REYYNPK2	0.215	0.000923	429.1	0.889	0.497	11.6	20.3	22000	425	0.441	0.111	3.01	4.34	1.31
REYYNPK3	0.334	0.000612	340.6	0.84	0.447	7.97	13.5	22000	334	0.478	0.16	2.6	3.75	1.13
REYYNPK4	0.219	0.00108	405	0.91	0.53	14.4	23.9	22000	400	0.449	0.09	3.17	4.58	1.38
REYYNPK5	0.138	0.00124	398.8	0.925	0.553	16.8	27.3	22000	395	0.427	0.0747	3.31	4.77	1.44
REYYNPK6	0.277	0.000818	369.7	0.874	0.49	10.4	18	22000	364	0.482	0.126	2.89	4.17	1.25
REYYNPK7	0.306	0.00104	478.6	0.878	0.509	11.7	22.9	22000	473	0.475	0.122	3.13	4.52	1.36
REYYNPK8	0.168	0.00201	478.4	0.946	0.616	25.4	44.2	22000	470	0.427	0.0543	3.79	5.47	1.65
REYYNPK9	0.229	0.000743	397.7	0.868	0.468	9.54	16.4	22000	391	0.474	0.132	2.79	4.03	1.21
REYYNPKM1	0.52	0.000562	439.6	0.718	0.414	5.15	12.4	22000	433	0.461	0.282	2.52	3.63	1.09
REYYNPKM2	0.368	0.00072	504.2	0.819	0.445	7.55	15.8	22000	499	0.464	0.181	2.76	3.99	1.2
REYYNPKM3	0.209	0.00114	449.9	0.906	0.529	14.1	25.2	22000	444	0.431	0.0936	3.23	4.65	1.4
REYYNPKM4	0.173	0.00151	451.2	0.937	0.574	20.5	33.2	22000	445	0.448	0.0632	3.5	5.05	1.52
REYYNPKM5	0.413	0.000489	479.3	0.769	0.385	5.59	10.8	22000	475	0.46	0.231	2.38	3.43	1.03
REYYNPKM6	0.213	0.00113	480.2	0.9	0.522	13.4	24.9	22000	475	0.445	0.0998	3.22	4.64	1.4
REYYNPKM7	0.382	0.00099	442.1	0.838	0.507	9.52	21.8	22000	437	0.429	0.162	3.08	4.45	1.34
REYYNPKM8	0.191	0.00125	418.7	0.914	0.55	15.5	27.6	22000	414	0.378	0.0858	3.32	4.78	1.44
REYYNPKM9	0.291	0.000906	365	0.88	0.508	11.3	19.9	22000	362	0.399	0.12	2.99	4.32	1.3
RECCSCK1	0.324	0.000742	656.7	0.815	0.431	7.33	16.3	22000	652	0.481	0.185	2.79	4.03	1.21
RECCSCK2	0.384	0.000678	677.4	0.799	0.415	6.62	14.9	22000	673	0.455	0.201	2.7	3.9	1.17
RECCSCK3	0.131	0.00345	927.3	0.958	0.634	35.9	75.9	22000	924	0.423	0.0415	4.33	6.25	1.88
RECCSNPK1	0.18	0.00271	937.7	0.943	0.598	26.6	59.6	22000	933	0.453	0.0568	4.09	5.9	1.78
RECCSNPK2	0.21	0.0017	787	0.916	0.544	17.2	37.5	22000	783	0.448	0.0835	3.62	5.23	1.57
RECCSNPK3	0.266	0.00158	770.5	0.895	0.535	14.5	34.8	22000	765	0.467	0.105	3.55	5.12	1.54
RECCSNPKM1	0.301	0.0019	1014.3	0.88	0.54	13.7	41.9	22000	1011	0.434	0.12	3.73	5.39	1.62
RECCSNPKM2	0.139	0.00311	919.8	0.952	0.62	31.4	68.5	22000	916	0.429	0.048	4.23	6.1	1.84
RECCSNPKM3	0.385	0.00113	676.2	0.83	0.493	9.19	24.8	22000	671	0.487	0.17	3.21	4.63	1.39
RECCLCK1	0.134	0.00237	921.2	0.941	0.58	23.8	52.2	22000	918	0.403	0.0587	3.95	5.71	1.72
RECCLCK2	0.153	0.00238	891	0.939	0.583	23.5	52.4	22000	888	0.387	0.0613	3.96	5.71	1.72
RECCLCK3	0.203	0.00311	1137.8	0.928	0.601	23.1	68.5	22000	1135	0.386	0.0717	4.23	6.1	1.84
RECCLNPK1	0.1	0.00711	1352.2	0.973	0.701	64.4	156.4	22000	1349	0.384	0.0267	5.05	7.29	2.19
RECCLNPK2	0.353	0.00157	820.7	0.86	0.529	11.9	34.6	22000	816	0.45	0.14	3.55	5.11	1.54
RECCLNPK3	0.142	0.00367	1056.1	0.956	0.631	34.7	80.7	22000	1054	0.374	0.0443	4.39	6.33	1.91
RECCLNPKM1	0.204	0.00363	1223.2	0.941	0.616	28.8	79.8	22000	1219	0.437	0.0592	4.38	6.32	1.9
RECCLNPKM2	0.284	0.00122	750.1	0.872	0.497	11.3	26.8	22000	745	0.473	0.128	3.29	4.75	1.43
RECCLNPKM3	0.172	0.00374	1154.9	0.951	0.626	33	82.2	22000	1151	0.436	0.0493	4.41	6.36	1.92
LQYCK1	0.29	0.000782	523.2	0.852	0.455	8.92	17.2	22000	518	0.489	0.148	2.85	4.11	1.24
LQYCK2	0.305	0.000536	418.6	0.821	0.41	6.85	11.8	22000	413	0.502	0.179	2.47	3.56	1.07
LQYCK3	0.641	0.000266	208.8	0.574	0.332	3.03	5.85	22000	205	0.388	0.426	1.77	2.55	0.767
LQYCK4	0.609	0.00023	175.6	0.598	0.317	3.06	5.05	22000	166	0.419	0.402	1.62	2.34	0.703
LQYCK6	0.223	0.000535	171.6	0.867	0.482	8.64	11.8	22000	167	0.381	0.133	2.47	3.56	1.07
LQYCK7	0.149	0.0011	309.8	0.927	0.557	16.5	24.2	22000	306	0.42	0.0728	3.19	4.6	1.38
LQYCK8	0.239	0.000922	284.5	0.889	0.534	11.9	20.3	22000	279	0.379	0.111	3.01	4.34	1.31
LQYNPK1	0.0876	0.00235	345.6	0.966	0.676	36.5	51.8	22000	342	0.344	0.0336	3.95	5.69	1.71
LQYNPK2	0.114	0.00191	374.4	0.951	0.632	26.5	41.9	22000	371	0.352	0.0487	3.74	5.39	1.62
LQYNPK3	0.142	0.00187	406.5	0.944	0.62	24.3	41.1	22000	401	0.363	0.0557	3.72	5.36	1.61
LQYNPK4	0.182	0.00172	376.5	0.94	0.614	22.7	37.9	22000	373	0.388	0.0604	3.63	5.24	1.58
LQYNPK5	0.16	0.00109	312.9	0.912	0.554	14.5	24	22000	309	0.377	0.0877	3.18	4.59	1.38
LQYNPK6	0.159	0.00174	359.4	0.933	0.622	21	38.3	22000	351	0.395	0.0674	3.65	5.26	1.58
LQYNPK7	0.2	0.000994	300.4	0.903	0.542	13.2	21.9	22000	296	0.37	0.0967	3.08	4.45	1.34
LQYNPK8	0.137	0.00181	358	0.945	0.627	24	39.7	22000	355	0.34	0.0554	3.68	5.31	1.6
LQYNPKM1	0.149	0.00219	373.6	0.952	0.656	29.1	48.2	22000	369	0.362	0.0485	3.88	5.59	1.68
LQYNPKM2	0.169	0.0024	431.6	0.951	0.655	30	52.8	22000	428	0.359	0.0487	3.97	5.72	1.72
LQYNPKM3	0.105	0.00348	430.4	0.973	0.716	49.3	76.6	22000	428	0.252	0.0273	4.34	6.26	1.88
LQYNPKM4	0.0624	0.00304	401.5	0.974	0.702	46.6	66.9	22000	398	0.306	0.0264	4.2	6.06	1.83
LQYNPKM5	0.097	0.00223	372.5	0.961	0.661	32.6	49	22000	360	0.374	0.0389	3.89	5.61	1.69
LQYNPKM6	0.174	0.00264	446.2	0.953	0.667	31.9	58	22000	441	0.337	0.0475	4.06	5.86	1.76
LQYNPKM7	0.0729	0.00316	419.8	0.974	0.703	47.3	69.5	22000	416	0.302	0.0265	4.24	6.12	1.84
LQYNPKM8	0.102	0.00275	364.8	0.966	0.696	39.5	60.5	22000	362	0.295	0.0337	4.1	5.92	1.78
LQYNPKM9	0.205	0.00208	351	0.941	0.654	25.5	45.7	22000	346	0.291	0.0589	3.82	5.51	1.66
LYCCK1	0.157	0.00113	236.8	0.934	0.59	17.9	24.8	22000	231	0.336	0.0662	3.21	4.63	1.39
LYCCK2	0.262	0.000677	219.1	0.861	0.504	9.26	14.9	22000	213	0.407	0.139	2.7	3.9	1.17
LYCCK3	0.139	0.00119	205.5	0.941	0.616	20.1	26.3	22000	201	0.371	0.0588	3.27	4.72	1.42
LYCCK4	0.208	0.000932	224.8	0.904	0.561	13.3	20.5	22000	218	0.37	0.0958	3.02	4.36	1.31
LYCCK5	0.548	0.00031	191.4	0.665	0.367	3.82	6.82	22000	188	0.37	0.335	1.92	2.77	0.834
LYCCK6	0.178	0.000817	210.8	0.905	0.542	12.8	18	22000	207	0.399	0.0946	2.89	4.17	1.25
LYCCK7	0.158	0.000969	237.4	0.919	0.562	15	21.3	22000	232	0.408	0.0806	3.06	4.41	1.33
LYCCK8	0.369	0.000611	219	0.83	0.485	7.9	13.4	22000	212	0.404	0.17	2.6	3.75	1.13
LYCCK9	0.34	0.00068	219	0.85	0.505	8.93	15	22000	213	0.388	0.15	2.7	3.9	1.17
LYCNPK1	0.207	0.000956	214.6	0.918	0.571	15.1	21	22000	207	0.413	0.0817	3.05	4.39	1.32
LYCNPK2	0.148	0.00124	239.6	0.941	0.606	20.2	27.3	22000	235	0.386	0.0586	3.31	4.77	1.44
LYCNPK3	0.206	0.000903	250.1	0.91	0.544	13.8	19.9	22000	244	0.457	0.0899	2.99	4.31	1.3
LYCNPK4	0.122	0.00125	237.9	0.946	0.611	21.1	27.5	22000	228	0.389	0.0544	3.32	4.78	1.44
LYCNPK5	0.116	0.00154	256.6	0.953	0.641	25.1	33.8	22000	243	0.385	0.0473	3.52	5.08	1.53
LYCNPK6	0.183	0.000967	234.4	0.924	0.565	15.7	21.3	22000	225	0.46	0.0758	3.06	4.41	1.33
LYCNPK7	0.113	0.00165	496.6	0.95	0.579	24.4	36.2	22000	491	0.484	0.0497	3.59	5.18	1.56
LYCNPK8	0.113	0.00119	229.3	0.943	0.602	19.9	26.2	22000	226	0.361	0.0574	3.26	4.71	1.42
LYCNPK9	0.147	0.000999	204.2	0.926	0.584	16.1	22	22000	199	0.37	0.0745	3.09	4.46	1.34
LYCNPKM1	0.248	0.000941	254.8	0.904	0.548	13.5	20.7	22000	251	0.381	0.0961	3.03	4.37	1.32
LYCNPKM3	0.144	0.00112	276.9	0.934	0.573	17.9	24.7	22000	269	0.426	0.0661	3.21	4.63	1.39
LYCNPKM4	0.123	0.00136	262.8	0.945	0.612	21.6	30	22000	259	0.338	0.0552	3.4	4.91	1.48
LYCNPKM5	0.123	0.00129	246.9	0.945	0.611	21.3	28.5	22000	240	0.415	0.0549	3.35	4.83	1.45
LYCNPKM6	0.178	0.00116	263.2	0.93	0.583	17.7	25.6	22000	260	0.41	0.0703	3.24	4.68	1.41
LYCNPKM7	0.0922	0.00156	274.4	0.955	0.631	25.8	34.3	22000	271	0.382	0.0451	3.54	5.1	1.54
LYCNPKM8	0.115	0.00124	275.8	0.943	0.59	20.4	27.4	22000	272	0.385	0.0568	3.31	4.77	1.44
LYCNPKM9	0.145	0.00116	256.2	0.932	0.585	17.8	25.5	22000	253	0.319	0.0675	3.24	4.67	1.41
LYYCK1	0.163	0.000802	254.2	0.909	0.522	12.8	17.7	22000	245	0.488	0.0913	2.87	4.14	1.25
LYYCK2	0.121	0.000858	213.7	0.922	0.551	14.6	18.9	22000	206	0.454	0.0776	2.94	4.24	1.28
LYYCK3	0.258	0.000761	235.9	0.889	0.519	11.3	16.7	22000	228	0.467	0.111	2.82	4.06	1.22
LYYCK4	0.193	0.000849	221.2	0.911	0.546	13.5	18.7	22000	213	0.472	0.0892	2.93	4.22	1.27
LYYCK5	0.114	0.00109	248.8	0.937	0.578	18.1	23.9	22000	243	0.418	0.0633	3.17	4.58	1.38
LYYCK6	0.238	0.000816	269	0.896	0.52	12	18	22000	257	0.512	0.104	2.89	4.17	1.25
LYYCK7	0.316	0.000431	204.5	0.804	0.428	6.21	9.49	22000	193	0.495	0.196	2.25	3.25	0.977
LYYCK8	0.26	0.000634	240.7	0.865	0.482	9.11	13.9	22000	236	0.451	0.135	2.63	3.8	1.14
LYYCK9	0.251	0.000496	280.1	0.845	0.425	7.5	10.9	22000	275	0.511	0.155	2.39	3.45	1.04
LYYNPK1	0.296	0.000572	204.4	0.859	0.48	8.73	12.6	22000	196	0.477	0.141	2.53	3.65	1.1
LYYNPK3	0.393	0.000514	244.7	0.805	0.443	6.73	11.3	22000	239	0.463	0.195	2.43	3.5	1.05
LYYNPK4	0.131	0.00113	237.5	0.933	0.59	17.7	24.9	22000	232	0.399	0.0674	3.21	4.64	1.4
LYYNPK5	0.155	0.000964	265.9	0.921	0.549	15.1	21.2	22000	262	0.422	0.0789	3.05	4.41	1.33
LYYNPK6	0.18	0.000968	241.9	0.916	0.562	14.6	21.3	22000	231	0.422	0.0842	3.06	4.41	1.33
LYYNPK7	0.242	0.000796	257.9	0.891	0.519	11.5	17.5	22000	248	0.446	0.109	2.86	4.13	1.24
LYYNPK8	0.185	0.000758	279.6	0.895	0.501	11.4	16.7	22000	275	0.449	0.105	2.81	4.06	1.22
LYYNPK9	0.134	0.0013	428.6	0.937	0.555	19.1	28.6	22000	422	0.454	0.0629	3.35	4.84	1.46
LYYNPKM1	0.363	0.00046	223.5	0.813	0.433	6.64	10.1	22000	211	0.519	0.187	2.32	3.34	1.01
LYYNPKM2	0.372	0.000444	207.9	0.807	0.431	6.44	9.76	22000	199	0.485	0.193	2.28	3.29	0.99
LYYNPKM3	0.402	0.000561	252.2	0.809	0.456	7.11	12.3	22000	246	0.457	0.191	2.51	3.63	1.09
LYYNPKM4	0.453	0.000469	225.6	0.769	0.433	5.87	10.3	22000	220	0.439	0.231	2.33	3.37	1.01
LYYNPKM5	0.301	0.000673	210.7	0.866	0.507	9.54	14.8	22000	204	0.41	0.134	2.7	3.89	1.17
LYYNPKM6	0.212	0.000702	197	0.902	0.522	11.8	15.5	22000	189	0.484	0.0982	2.74	3.95	1.19
LYYNPKM7	0.396	0.0004	197.4	0.78	0.413	5.61	8.8	22000	193	0.412	0.22	2.17	3.14	0.944
LYYNPKM8	0.247	0.000826	269.5	0.893	0.521	11.8	18.2	22000	262	0.456	0.107	2.9	4.18	1.26
LYYNPKM9	0.174	0.000732	233.5	0.898	0.514	11.6	16.1	22000	223	0.451	0.102	2.78	4.01	1.21
LCCCK1	0.105	0.0017	269.2	0.957	0.649	27.7	37.4	22000	266	0.39	0.0427	3.62	5.22	1.57
LCCCK2	0.121	0.00151	250.6	0.95	0.637	24.3	33.3	22000	246	0.393	0.0499	3.51	5.06	1.52
LCCCK3	0.1	0.00163	291.7	0.954	0.632	25.8	35.8	22000	287	0.392	0.0462	3.58	5.16	1.55
LCCCK4	0.199	0.00111	422	0.914	0.529	14.9	24.4	22000	417	0.462	0.0865	3.19	4.61	1.39
LCCCK5	0.206	0.00117	300.1	0.921	0.571	16.6	25.7	22000	294	0.451	0.0787	3.25	4.69	1.41
LCCCK6	0.127	0.00134	334	0.939	0.584	20.1	29.5	22000	330	0.435	0.061	3.38	4.88	1.47
LCCCK7	0.141	0.00154	362	0.941	0.6	21.9	33.9	22000	353	0.444	0.059	3.52	5.08	1.53
LCCCK8	0.169	0.0014	338.4	0.936	0.589	19.8	30.7	22000	334	0.4	0.0644	3.42	4.94	1.49
LCCCK9	0.0911	0.00183	392.9	0.956	0.619	27.4	40.2	22000	390	0.407	0.0443	3.69	5.33	1.6
LCCNPK1	0.128	0.00149	435.4	0.939	0.576	20.6	32.8	22000	431	0.417	0.0613	3.49	5.04	1.52
LCCNPK2	0.148	0.00145	414.5	0.936	0.575	19.8	31.8	22000	409	0.437	0.0644	3.46	4.99	1.5
LCCNPK3	0.163	0.00151	365.3	0.938	0.596	21	33.2	22000	356	0.412	0.0615	3.5	5.05	1.52
LCCNPK4	0.178	0.00129	315.4	0.932	0.583	18.8	28.3	22000	309	0.448	0.0675	3.34	4.82	1.45
LCCNPK5	0.182	0.00108	286.3	0.921	0.563	15.9	23.9	22000	281	0.461	0.0794	3.17	4.58	1.38
LCCNPK6	0.114	0.00126	320.4	0.939	0.577	19.5	27.6	22000	315	0.456	0.0608	3.32	4.79	1.44
LCCNPK7	0.145	0.0015	299.8	0.947	0.615	23.4	33	22000	295	0.429	0.0527	3.5	5.05	1.52
LCCNPK8	0.137	0.00134	304.2	0.941	0.595	20.6	29.5	22000	294	0.444	0.0587	3.38	4.88	1.47
LCCNPK9	0.135	0.00146	401.2	0.942	0.58	21.3	32.1	22000	395	0.462	0.0577	3.47	5.01	1.51
LCCNPKM1	0.213	0.0012	342.2	0.918	0.563	16.3	26.4	22000	336	0.472	0.0817	3.27	4.72	1.42
LCCNPKM2	0.124	0.00137	340.6	0.939	0.585	20.2	30.2	22000	337	0.411	0.0613	3.41	4.91	1.48
LCCNPKM3	0.109	0.00148	308.1	0.949	0.61	23.5	32.5	22000	301	0.437	0.0505	3.48	5.02	1.51
LCCNPKM4	0.285	0.000988	296.1	0.891	0.542	12.7	21.7	22000	293	0.425	0.109	3.08	4.44	1.34
LCCNPKM5	0.244	0.000932	326.4	0.894	0.524	12.3	20.5	22000	317	0.45	0.106	3.02	4.36	1.31
LCCNPKM6	0.199	0.000884	262.1	0.906	0.534	13	19.4	22000	258	0.375	0.0944	2.97	4.28	1.29
LCCNPKM7	0.254	0.00103	335.2	0.899	0.538	13.3	22.6	22000	329	0.482	0.101	3.12	4.5	1.35
LCCNPKM8	0.156	0.00138	398.3	0.938	0.573	20	30.3	22000	387	0.503	0.0625	3.41	4.92	1.48
LCCNPKM9	0.397	0.000581	216.8	0.819	0.477	7.58	12.8	22000	209	0.452	0.181	2.55	3.68	1.11
LEQYCK1	0.278	0.000336	124.1	0.808	0.421	5.77	7.38	22000	115	0.405	0.192	2	2.88	0.868
LEQYCK2	0.228	0.000459	134.7	0.844	0.475	7.36	10.1	22000	130	0.328	0.156	2.31	3.34	1
LEQYCK3	0.645	0.000218	130.9	0.563	0.323	2.84	4.79	22000	128	0.318	0.437	1.57	2.26	0.681
LEQYCK4	0.409	0.000263	135.9	0.727	0.36	4.14	5.79	22000	132	0.376	0.273	1.76	2.53	0.763
LEQYCK6	0.239	0.000557	150.1	0.863	0.504	8.59	12.3	22000	145	0.329	0.137	2.51	3.62	1.09
LEQYCK7	0.284	0.00049	168.1	0.821	0.466	6.91	10.8	22000	164	0.364	0.179	2.38	3.43	1.03
LEQYCK8	0.505	0.000216	139.1	0.637	0.318	3.17	4.76	22000	135	0.316	0.363	1.56	2.25	0.678
LEQYNPK1	0.195	0.00138	259.9	0.933	0.615	19.8	30.4	22000	257	0.326	0.0667	3.41	4.93	1.48
LEQYNPK2	0.224	0.000843	222.1	0.887	0.542	11.4	18.5	22000	218	0.315	0.113	2.92	4.21	1.27
LEQYNPK3	0.164	0.00112	274.5	0.915	0.574	15.1	24.6	22000	266	0.371	0.0849	3.2	4.62	1.39
LEQYNPK4	0.246	0.000953	238.1	0.895	0.558	12.6	21	22000	234	0.34	0.105	3.04	4.39	1.32
LEQYNPK5	0.19	0.00108	241	0.919	0.581	15.6	23.9	22000	235	0.339	0.081	3.17	4.58	1.38
LEQYNPK6	0.215	0.00129	257.6	0.924	0.604	17.7	28.3	22000	253	0.335	0.0761	3.34	4.82	1.45
LEQYNPK7	0.168	0.00109	214.9	0.924	0.594	16.4	24	22000	210	0.327	0.0757	3.18	4.58	1.38
LEQYNPK8	0.164	0.0012	214.2	0.931	0.615	18.2	26.4	22000	205	0.354	0.0689	3.27	4.72	1.42
LEQYNPKM1	0.0923	0.00159	223.7	0.955	0.659	25.9	34.9	22000	219	0.277	0.0454	3.55	5.12	1.54
LEQYNPKM2	0.164	0.00161	317.9	0.941	0.622	22.3	35.4	22000	311	0.369	0.0591	3.57	5.15	1.55
LEQYNPKM3	0.104	0.00181	292.2	0.954	0.65	27	39.7	22000	289	0.303	0.0459	3.68	5.31	1.6
LEQYNPKM4	0.112	0.00132	251.9	0.94	0.611	20.2	29	22000	248	0.325	0.0601	3.37	4.86	1.46
LEQYNPKM5	0.0976	0.00161	213.8	0.954	0.667	26.1	35.3	22000	209	0.281	0.0455	3.57	5.14	1.55
LEQYNPKM6	0.259	0.0013	253.3	0.911	0.607	16.3	28.6	22000	251	0.282	0.089	3.35	4.84	1.46
LEQYNPKM7	0.19	0.000903	204.2	0.908	0.566	13.4	19.9	22000	196	0.371	0.0923	2.99	4.31	1.3
LEQYNPKM8	0.131	0.0015	353.6	0.94	0.597	21.2	32.9	22000	350	0.405	0.0603	3.49	5.04	1.52
LEQYNPKM9	0.38	0.000831	227.1	0.837	0.537	9.14	18.3	22000	223	0.295	0.163	2.91	4.19	1.26
LEYCCK1	0.223	0.000735	203.8	0.878	0.526	10.3	16.2	22000	199	0.37	0.122	2.78	4.02	1.21
LEYCCK2	0.163	0.000964	178.3	0.923	0.593	15.4	21.2	22000	173	0.356	0.0775	3.05	4.41	1.33
LEYCCK3	0.151	0.0012	201.7	0.933	0.619	18.5	26.3	22000	196	0.36	0.0672	3.27	4.72	1.42
LEYCCK4	0.158	0.00124	238.6	0.935	0.606	19.2	27.2	22000	233	0.385	0.0646	3.3	4.77	1.43
LEYCCK5	0.26	0.000659	200.2	0.869	0.508	9.44	14.5	22000	193	0.392	0.131	2.67	3.86	1.16
LEYCCK6	0.27	0.000562	158.6	0.857	0.501	8.44	12.4	22000	152	0.379	0.143	2.51	3.63	1.09
LEYCCK7	0.172	0.00115	216.8	0.931	0.604	18	25.4	22000	211	0.401	0.0687	3.23	4.67	1.4
LEYCCK8	0.163	0.00106	234.5	0.919	0.579	15.4	23.3	22000	229	0.374	0.0806	3.15	4.54	1.37
LEYCCK9	0.15	0.00119	241.5	0.929	0.601	17.5	26.2	22000	229	0.37	0.0712	3.26	4.71	1.42
LEYCNPK1	0.179	0.00121	305	0.925	0.576	17.2	26.6	22000	297	0.443	0.0752	3.28	4.73	1.42
LEYCNPK2	0.177	0.00124	289.7	0.926	0.59	17.4	27.3	22000	272	0.436	0.0745	3.31	4.77	1.44
LEYCNPK3	0.228	0.00107	249.2	0.915	0.576	15.3	23.6	22000	242	0.391	0.0854	3.16	4.56	1.37
LEYCNPK4	0.21	0.00126	255.2	0.928	0.606	18.3	27.6	22000	239	0.379	0.0718	3.32	4.79	1.44
LEYCNPK5	0.274	0.000963	198.7	0.895	0.58	13	21.2	22000	194	0.282	0.105	3.05	4.41	1.33
LEYCNPK6	0.213	0.000926	203.6	0.911	0.568	13.9	20.4	22000	201	0.327	0.089	3.01	4.35	1.31
LEYCNPK7	0.106	0.00164	252.8	0.955	0.65	26.6	36.1	22000	250	0.295	0.0445	3.59	5.17	1.56
LEYCNPK8	0.139	0.00109	200.2	0.931	0.602	17.2	23.9	22000	194	0.344	0.0693	3.17	4.58	1.38
LEYCNPK9	0.468	0.000355	191.1	0.735	0.408	4.74	7.82	22000	155	0.436	0.265	2.06	2.97	0.893
LEYCNPKM1	0.12	0.0013	225.3	0.943	0.623	20.8	28.7	22000	219	0.355	0.0572	3.36	4.84	1.46
LEYCNPKM2	0.219	0.000964	205.1	0.912	0.576	14.3	21.2	22000	200	0.348	0.0883	3.05	4.41	1.33
LEYCNPKM3	0.156	0.000769	208	0.905	0.532	12.2	16.9	22000	203	0.373	0.0949	2.83	4.08	1.23
LEYCNPKM4	0.11	0.00101	188.4	0.937	0.595	17.6	22.3	22000	185	0.339	0.0634	3.1	4.48	1.35
LEYCNPKM5	0.11	0.00137	253.4	0.947	0.619	22.2	30.1	22000	244	0.424	0.0531	3.4	4.91	1.48
LEYCNPKM6	0.169	0.00146	208	0.943	0.652	22.5	32.1	22000	204	0.302	0.0566	3.47	5	1.51
LEYCNPKM7	0.221	0.000824	185.6	0.899	0.556	12.2	18.1	22000	183	0.348	0.101	2.9	4.18	1.26
LEYCNPKM8	0.176	0.000861	161	0.913	0.58	13.8	18.9	22000	159	0.287	0.0865	2.94	4.24	1.28
LEYCNPKM9	0.281	0.00045	149.6	0.825	0.467	6.78	9.91	22000	136	0.343	0.175	2.29	3.31	0.996
LEYYCK1	0.257	0.000508	160.7	0.855	0.48	8.07	11.2	22000	153	0.383	0.145	2.41	3.48	1.05
LEYYCK2	0.209	0.000984	231.2	0.915	0.568	14.7	21.7	22000	224	0.387	0.0848	3.08	4.44	1.34
LEYYCK3	0.406	0.000467	187.6	0.776	0.446	5.83	10.3	22000	185	0.382	0.224	2.33	3.36	1.01
LEYYCK4	0.406	0.000581	174.1	0.803	0.496	7	12.8	22000	171	0.32	0.197	2.55	3.68	1.11
LEYYCK5	0.165	0.00108	232.4	0.925	0.588	16.2	23.7	22000	218	0.393	0.0755	3.17	4.57	1.37
LEYYCK6	0.16	0.000813	188	0.911	0.555	13.1	17.9	22000	180	0.398	0.0893	2.88	4.16	1.25
LEYYCK7	0.191	0.000784	174	0.904	0.557	12.5	17.2	22000	166	0.383	0.0957	2.85	4.11	1.24
LEYYCK8	0.357	0.000478	189.5	0.816	0.454	6.76	10.5	22000	179	0.433	0.184	2.35	3.4	1.02
LEYYCK9	0.422	0.000327	163.9	0.742	0.389	4.69	7.19	22000	159	0.412	0.258	1.97	2.85	0.857
LEYYNPK1	0.19	0.00102	278.3	0.916	0.554	15	22.4	22000	273	0.427	0.0836	3.11	4.48	1.35
LEYYNPK2	0.677	0.000205	157.8	0.522	0.299	2.58	4.52	22000	154	0.394	0.478	1.51	2.18	0.655
LEYYNPK3	0.285	0.0006	177.9	0.85	0.499	8.41	13.2	22000	176	0.311	0.15	2.58	3.72	1.12
LEYYNPK4	0.139	0.00137	249.3	0.938	0.618	20.2	30.1	22000	246	0.304	0.0617	3.4	4.91	1.48
LEYYNPK5	0.185	0.0011	268.5	0.921	0.572	16	24.3	22000	264	0.408	0.079	3.19	4.6	1.38
LEYYNPK6	0.158	0.00107	204.2	0.921	0.595	15.8	23.5	22000	202	0.271	0.0786	3.16	4.56	1.37
LEYYNPK7	0.313	0.000557	175.6	0.827	0.49	7.42	12.3	22000	167	0.345	0.173	2.51	3.62	1.09
LEYYNPK8	0.207	0.000857	228.1	0.9	0.542	12.4	18.9	22000	226	0.339	0.0996	2.94	4.24	1.28
LEYYNPK9	0.296	0.00096	246.3	0.887	0.556	12.5	21.1	22000	242	0.35	0.113	3.05	4.4	1.32
LEYYNPKM1	0.59	0.000194	143	0.584	0.298	2.8	4.27	22000	131	0.409	0.416	1.45	2.1	0.631
LEYYNPKM2	0.29	0.0011	312.7	0.892	0.556	13.4	24.3	22000	310	0.383	0.108	3.19	4.6	1.39
LEYYNPKM3	0.534	0.000361	174.9	0.694	0.405	4.36	7.95	22000	168	0.396	0.306	2.07	2.99	0.9
LEYYNPKM4	0.506	0.000348	163	0.71	0.405	4.44	7.65	22000	153	0.377	0.29	2.04	2.94	0.884
LEYYNPKM5	0.555	0.000313	184.4	0.663	0.372	3.84	6.9	22000	179	0.4	0.337	1.93	2.79	0.839
LEYYNPKM6	0.676	0.000251	202	0.537	0.325	2.8	5.53	22000	193	0.459	0.463	1.71	2.47	0.743
LEYYNPKM7	0.512	0.000359	192	0.707	0.403	4.46	7.9	22000	170	0.427	0.293	2.07	2.98	0.898
LEYYNPKM8	0.54	0.000372	178.7	0.684	0.406	4.25	8.18	22000	176	0.328	0.316	2.1	3.03	0.913
LEYYNPKM9	0.333	0.000694	219.2	0.849	0.507	8.91	15.3	22000	217	0.349	0.151	2.73	3.93	1.18
LECCCK1	0.225	0.00101	201.2	0.91	0.588	14.5	22.3	22000	197	0.338	0.0896	3.11	4.48	1.35
LECCCK2	0.166	0.00112	177.9	0.933	0.621	18	24.7	22000	174	0.303	0.0669	3.21	4.62	1.39
LECCCK3	0.153	0.00107	169.1	0.934	0.621	17.7	23.5	22000	162	0.301	0.0664	3.16	4.56	1.37
LECCCK4	0.241	0.000778	163.9	0.893	0.559	11.7	17.1	22000	161	0.327	0.107	2.84	4.1	1.23
LECCCK5	0.168	0.000896	173	0.918	0.582	14.5	19.7	22000	168	0.355	0.0817	2.98	4.3	1.29
LECCCK6	0.189	0.000747	163.8	0.891	0.551	11.2	16.4	22000	161	0.321	0.109	2.8	4.04	1.22
LECCCK7	0.242	0.000853	187.4	0.891	0.563	11.9	18.8	22000	183	0.321	0.109	2.93	4.23	1.27
LECCCK8	0.267	0.000835	181.4	0.887	0.562	11.7	18.4	22000	177	0.331	0.113	2.91	4.2	1.26
LECCCK9	0.139	0.00106	170	0.931	0.619	17.3	23.3	22000	162	0.344	0.069	3.15	4.54	1.37
LECCNPK1	0.283	0.000676	181.9	0.861	0.523	9.25	14.9	22000	175	0.358	0.139	2.7	3.89	1.17
LECCNPK2	0.284	0.000914	219.7	0.891	0.56	12.5	20.1	22000	213	0.411	0.109	3	4.33	1.3
LECCNPK3	0.215	0.00099	204.6	0.912	0.581	14.5	21.8	22000	201	0.347	0.0879	3.08	4.44	1.34
LECCNPK4	0.246	0.000767	207.6	0.868	0.533	10.1	16.9	22000	200	0.388	0.132	2.83	4.08	1.23
LECCNPK5	0.141	0.00103	196.2	0.93	0.594	16.9	22.6	22000	191	0.354	0.07	3.12	4.5	1.36
LECCNPK6	0.161	0.000932	184.5	0.923	0.583	15.3	20.5	22000	178	0.363	0.0768	3.02	4.36	1.31
LECCNPK7	0.186	0.000882	184.4	0.906	0.572	13.2	19.4	22000	179	0.367	0.0943	2.97	4.28	1.29
LECCNPK8	0.259	0.000981	210.1	0.899	0.576	13.3	21.6	22000	207	0.313	0.101	3.07	4.43	1.33
LECCNPK9	0.221	0.000864	166.1	0.905	0.58	13.1	19	22000	161	0.315	0.0949	2.95	4.25	1.28
LECCNPKM1	0.246	0.000882	189.4	0.903	0.568	13.1	19.4	22000	185	0.366	0.0973	2.97	4.28	1.29
LECCNPKM2	0.262	0.000728	162.4	0.887	0.549	11	16	22000	157	0.373	0.113	2.77	4	1.2
LECCNPKM3	0.235	0.000734	146.1	0.897	0.561	11.7	16.1	22000	142	0.322	0.103	2.78	4.01	1.21
LECCNPKM4	0.339	0.000653	173.6	0.847	0.52	8.72	14.4	22000	168	0.355	0.153	2.67	3.85	1.16
LECCNPKM5	0.235	0.000659	161.5	0.884	0.528	10.2	14.5	22000	158	0.333	0.116	2.67	3.86	1.16
LECCNPKM6	0.144	0.000922	162.7	0.925	0.594	15.4	20.3	22000	159	0.287	0.0747	3.01	4.34	1.31
LECCNPKM7	0.277	0.000658	149.1	0.876	0.536	9.96	14.5	22000	146	0.34	0.124	2.67	3.86	1.16
LECCNPKM8	0.354	0.000552	152.9	0.836	0.502	7.85	12.1	22000	144	0.379	0.164	2.5	3.6	1.08
LECCNPKM9	0.218	0.000887	165.2	0.913	0.585	14.1	19.5	22000	160	0.36	0.0868	2.97	4.29	1.29
XEQYCK1	0.795	0.000122	89.8	0.361	0.226	1.81	2.69	22000	80	0.383	0.639	0.988	1.43	0.429
XEQYCK4	0.805	0.000117	74.5	0.346	0.223	1.76	2.58	22000	70	0.296	0.654	0.948	1.37	0.412
XEQYCK5	0.345	0.000261	101	0.773	0.392	4.79	5.75	22000	87	0.42	0.227	1.75	2.52	0.76
XEQYCK6	0.376	0.000243	97.8	0.727	0.368	4.09	5.35	22000	95	0.344	0.273	1.68	2.42	0.729
XEQYCK7	0.835	0.000105	80.6	0.298	0.191	1.61	2.3	22000	78	0.291	0.702	0.834	1.2	0.362
XEQYCK8	0.601	0.00022	100.4	0.611	0.344	3.15	4.85	22000	99	0.27	0.389	1.58	2.28	0.686
XEQYCK9	0.729	0.000137	108.1	0.449	0.251	2.11	3.01	22000	80	0.37	0.551	1.1	1.59	0.478
XEQYNPK1	0.278	0.000404	179.1	0.827	0.471	6.63	8.88	22000	103	0.356	0.173	2.18	3.15	0.949
XEQYNPK2	0.333	0.000381	109.4	0.809	0.455	6.17	8.39	22000	107	0.306	0.191	2.13	3.07	0.924
XEQYNPK4	0.307	0.000289	88.8	0.764	0.415	4.77	6.36	22000	86	0.299	0.236	1.85	2.67	0.803
XEQYNPK6	0.503	0.000331	112.3	0.715	0.422	4.5	7.28	22000	110	0.288	0.285	1.99	2.86	0.862
XEQYNPK7	0.644	0.000168	97.7	0.551	0.289	2.61	3.7	22000	92	0.398	0.449	1.31	1.89	0.568
XEQYNPK8	0.686	0.000163	108.1	0.506	0.279	2.4	3.59	22000	98	0.364	0.494	1.28	1.84	0.555
XEQYNPK9	0.608	0.000218	96.1	0.606	0.348	3.12	4.79	22000	90	0.308	0.394	1.57	2.26	0.68
XEQYNPKM1	0.434	0.000213	107.4	0.672	0.336	3.44	4.68	22000	98	0.394	0.328	1.54	2.23	0.67
XEQYNPKM2	0.754	0.00014	118.4	0.419	0.25	2.02	3.09	22000	91	0.402	0.581	1.13	1.63	0.49
XEQYNPKM3	0.416	0.000371	126.6	0.778	0.438	5.57	8.16	22000	121	0.41	0.222	2.1	3.03	0.912
XEQYNPKM4	0.419	0.000329	123.3	0.75	0.414	4.81	7.23	22000	119	0.342	0.25	1.98	2.85	0.859
XEQYNPKM5	0.374	0.000501	137.5	0.815	0.492	6.96	11	22000	132	0.323	0.185	2.4	3.46	1.04
XEQYNPKM6	0.437	0.000435	162.6	0.775	0.458	5.82	9.58	22000	139	0.393	0.225	2.26	3.26	0.981
XEQYNPKM7	0.397	0.000277	108.5	0.735	0.391	4.36	6.09	22000	101	0.304	0.265	1.81	2.61	0.785
XEQYNPKM8	0.53	0.000263	132.6	0.677	0.367	3.79	5.79	22000	119	0.392	0.323	1.76	2.53	0.763
XEQYNPKM9	0.528	0.000292	120.1	0.686	0.393	4.01	6.42	22000	114	0.365	0.314	1.86	2.68	0.808
XEYCCK1	0.724	0.000162	98.3	0.466	0.281	2.26	3.57	22000	92	0.344	0.534	1.27	1.83	0.552
XEYCCK2	0.74	0.000148	86.2	0.443	0.267	2.14	3.25	22000	83	0.333	0.557	1.18	1.7	0.512
XEYCCK3	0.666	0.000189	92.9	0.539	0.317	2.65	4.15	22000	89	0.278	0.461	1.42	2.05	0.618
XEYCCK4	0.392	0.000299	135.3	0.752	0.409	4.73	6.58	22000	100	0.416	0.248	1.88	2.72	0.818
XEYCCK5	0.749	0.000146	83.2	0.429	0.265	2.08	3.2	22000	81	0.28	0.571	1.16	1.68	0.505
XEYCCK6	0.745	0.000145	89.3	0.435	0.26	2.1	3.2	22000	88	0.258	0.565	1.16	1.68	0.505
XEYCCK7	0.336	0.000389	110	0.819	0.464	6.46	8.56	22000	102	0.35	0.181	2.15	3.1	0.932
XEYCCK8	0.544	0.000317	99	0.685	0.425	4.18	6.98	22000	97	0.265	0.315	1.94	2.8	0.844
XEYCCK9	0.835	0.000111	87.2	0.3	0.201	1.63	2.43	22000	84	0.329	0.7	0.89	1.28	0.386
XEYCNPK1	0.58	0.000241	85.8	0.64	0.377	3.47	5.31	22000	84	0.294	0.36	1.67	2.41	0.725
XEYCNPK2	0.199	0.000439	109.2	0.861	0.491	7.88	9.67	22000	102	0.369	0.139	2.27	3.27	0.985
XEYCNPK3	0.334	0.000348	108.4	0.808	0.436	5.92	7.66	22000	107	0.296	0.192	2.04	2.94	0.884
XEYCNPK4	0.423	0.000283	114.2	0.743	0.397	4.53	6.23	22000	101	0.353	0.257	1.83	2.64	0.795
XEYCNPK5	0.426	0.000343	131.2	0.759	0.416	5.06	7.54	22000	128	0.333	0.241	2.02	2.91	0.877
XEYCNPK6	0.316	0.000336	89.1	0.815	0.448	6.03	7.39	22000	87	0.352	0.185	2	2.89	0.869
XEYCNPK7	0.532	0.000213	68.4	0.661	0.373	3.46	4.69	22000	63	0.359	0.339	1.55	2.23	0.671
XEYCNPK8	0.679	0.000156	76.3	0.513	0.286	2.42	3.44	22000	75	0.355	0.487	1.23	1.78	0.536
XEYCNPK9	0.886	7.97E-05	61.7	0.212	0.142	1.38	1.75	22000	52	0.415	0.788	0.562	0.811	0.244
XEYCNPKM1	0.573	0.000232	118.8	0.639	0.345	3.4	5.11	22000	113	0.36	0.361	1.63	2.35	0.708
XEYCNPKM2	0.362	0.000278	67.2	0.778	0.433	5.01	6.11	22000	65	0.288	0.222	1.81	2.61	0.786
XEYCNPKM3	0.36	0.000244	94.8	0.746	0.393	4.31	5.38	22000	72	0.37	0.254	1.68	2.43	0.731
XEYCNPKM4	0.49	0.000214	69.3	0.684	0.37	3.62	4.7	22000	66	0.343	0.316	1.55	2.23	0.673
XEYCNPKM5	0.214	0.000489	152.8	0.867	0.473	8.32	10.8	22000	151	0.296	0.133	2.38	3.43	1.03
XEYCNPKM6	0.648	0.000168	96	0.551	0.3	2.63	3.69	22000	78	0.456	0.449	1.31	1.89	0.568
XEYCNPKM7	0.347	0.000268	74	0.773	0.416	4.88	5.89	22000	71	0.375	0.227	1.77	2.56	0.77
XEYCNPKM8	0.434	0.000203	132.1	0.706	0.376	3.72	4.47	22000	54	0.455	0.294	1.5	2.16	0.651
XEYCNPKM9	0.446	0.000268	88	0.734	0.4	4.39	5.9	22000	84	0.365	0.266	1.77	2.56	0.771
XEYYCK1	0.789	0.000121	56.1	0.37	0.248	1.84	2.65	22000	51	0.308	0.63	0.976	1.41	0.424
XEYYCK2	0.78	0.000126	67.8	0.385	0.25	1.9	2.77	22000	59	0.35	0.615	1.02	1.47	0.443
XEYYCK4	0.668	0.000186	86.6	0.535	0.321	2.63	4.09	22000	81	0.366	0.465	1.41	2.03	0.612
XEYYCK5	0.283	0.000459	115.3	0.847	0.503	7.65	10.1	22000	99	0.4	0.153	2.31	3.34	1
XEYYCK6	0.535	0.000219	78.6	0.666	0.364	3.54	4.81	22000	75	0.355	0.334	1.57	2.27	0.682
XEYYCK7	0.425	0.000318	100.4	0.765	0.431	5.09	7	22000	91	0.424	0.235	1.95	2.81	0.845
XEYYCK8	0.427	0.000281	88.8	0.746	0.41	4.6	6.19	22000	85	0.384	0.254	1.82	2.63	0.791
XEYYCK9	0.272	0.000372	89.9	0.827	0.471	6.49	8.19	22000	87	0.33	0.173	2.1	3.03	0.914
XEYYNPK1	0.437	0.000297	109.2	0.755	0.415	4.84	6.53	22000	92	0.441	0.245	1.88	2.71	0.815
XEYYNPK2	0.312	0.000351	102	0.817	0.457	6.15	7.72	22000	88	0.416	0.183	2.04	2.95	0.888
XEYYNPK3	0.516	0.000284	86.3	0.702	0.414	4.21	6.24	22000	83	0.369	0.298	1.83	2.64	0.795
XEYYNPK4	0.216	0.000414	88.1	0.853	0.501	7.48	9.11	22000	82	0.337	0.147	2.21	3.19	0.96
XEYYNPK5	0.554	0.000259	92.9	0.662	0.386	3.7	5.7	22000	91	0.293	0.338	1.74	2.51	0.756
XEYYNPK6	0.559	0.000191	59.7	0.63	0.355	3.13	4.2	22000	57	0.241	0.37	1.43	2.07	0.623
XEYYNPK8	0.293	0.000367	81.9	0.823	0.479	6.41	8.07	22000	78	0.316	0.177	2.09	3.01	0.907
XEYYNPK9	0.601	0.000199	83.5	0.609	0.363	3.09	4.39	22000	59	0.35	0.391	1.48	2.13	0.642
XEYYNPKM1	0.423	0.000281	84.5	0.743	0.426	4.57	6.19	22000	72	0.342	0.257	1.82	2.63	0.792
XEYYNPKM2	0.355	0.000289	98.8	0.774	0.426	4.97	6.35	22000	77	0.423	0.226	1.85	2.67	0.803
XEYYNPKM3	0.191	0.000574	106.4	0.885	0.554	9.92	12.6	22000	97	0.398	0.115	2.54	3.66	1.1
XEYYNPKM4	0.378	0.000289	67.6	0.77	0.442	4.96	6.36	22000	66	0.239	0.23	1.85	2.67	0.804
XEYYNPKM5	0.311	0.000363	100	0.813	0.454	6.13	7.98	22000	97	0.378	0.187	2.08	3	0.902
XEYYNPKM6	0.443	0.000312	85.3	0.755	0.436	4.94	6.87	22000	83	0.31	0.245	1.93	2.78	0.837
XEYYNPKM7	0.167	0.000617	118.1	0.9	0.56	11.2	13.6	22000	105	0.434	0.1	2.61	3.76	1.13
XEYYNPKM8	0.161	0.000603	98.1	0.897	0.572	10.9	13.3	22000	92	0.376	0.103	2.59	3.73	1.12
XEYYNPKM9	0.368	0.000423	143	0.817	0.492	6.69	9.32	22000	93	0.426	0.183	2.23	3.22	0.969
XECCCK1	0.375	0.000364	94	0.806	0.461	6.08	8.01	22000	91	0.348	0.194	2.08	3	0.904
XECCCK2	0.304	0.000421	106.3	0.838	0.508	7.13	9.26	22000	80	0.358	0.162	2.23	3.21	0.967
XECCCK3	0.518	0.000282	122.2	0.699	0.391	4.16	6.2	22000	106	0.533	0.301	1.82	2.63	0.792
XECCNPK1	0.305	0.000347	84.5	0.797	0.46	5.72	7.63	22000	83	0.31	0.203	2.03	2.93	0.883
XECCNPK2	0.405	0.000382	113.4	0.785	0.455	5.77	8.4	22000	108	0.422	0.215	2.13	3.07	0.924
XECCNPK3	0.6	0.000253	104.8	0.624	0.372	3.4	5.56	22000	100	0.366	0.376	1.71	2.47	0.745
XECCNPKM1	0.326	0.000408	84	0.834	0.498	7	8.98	22000	82	0.313	0.166	2.2	3.17	0.954
XECCNPKM2	0.343	0.000436	116.9	0.82	0.485	6.78	9.6	22000	106	0.393	0.18	2.26	3.26	0.982
XECCNPKM3	0.304	0.000449	119.4	0.836	0.489	7.26	9.89	22000	108	0.394	0.164	2.29	3.31	0.995
BJXCK1	0.118	0.0107	1794.9	0.976	0.729	80.9	234.5	22000	1792	0.389	0.0243	5.46	7.87	2.37
BJXCK2	0.125	0.0123	1863.2	0.977	0.744	91	271.2	22000	1860	0.386	0.0231	5.6	8.08	2.43
BJXCK3	0.137	0.0112	1813.2	0.974	0.734	80.3	246.8	22000	1810	0.385	0.0262	5.51	7.95	2.39
BJXCK4	0.154	0.00942	1696.3	0.969	0.718	66.1	207.3	22000	1693	0.386	0.0315	5.33	7.7	2.32
BJXCK5	0.203	0.00565	1468.5	0.948	0.662	37.7	124.3	22000	1465	0.414	0.052	4.82	6.96	2.09
BJXCK6	0.151	0.00721	1553.9	0.966	0.69	55.5	158.7	22000	1551	0.399	0.0336	5.07	7.31	2.2
BJXCK7	0.164	0.00782	1661.8	0.962	0.694	52.3	172	22000	1658	0.4	0.0385	5.15	7.43	2.24
BJXCK8	0.183	0.00828	1691.3	0.958	0.7	50.8	182.1	22000	1688	0.393	0.0423	5.2	7.51	2.26
BJXCK9	0.113	0.0131	1834.4	0.98	0.754	102.8	287.5	22000	1831	0.38	0.0201	5.66	8.17	2.46
BJXNPK1	0.0742	0.0123	1801.4	0.985	0.747	112.5	270.1	22000	1798	0.392	0.0154	5.6	8.08	2.43
BJXNPK2	0.0741	0.0123	1688.5	0.985	0.753	117.1	269.9	22000	1686	0.378	0.0147	5.6	8.08	2.43
BJXNPK3	0.0799	0.0116	1708.3	0.983	0.745	104.4	255.2	22000	1705	0.389	0.0168	5.54	8	2.41
BJXNPK4	0.0994	0.00744	1453.3	0.974	0.7	64.8	163.6	22000	1450	0.394	0.0264	5.1	7.35	2.21
BJXNPK5	0.0676	0.00873	1579	0.979	0.714	78.3	192	22000	1576	0.391	0.0209	5.26	7.59	2.28
BJXNPK6	0.0949	0.0082	1452.7	0.977	0.714	74.1	180.4	22000	1450	0.376	0.023	5.2	7.5	2.26
BJXNPK7	0.101	0.0082	1458	0.976	0.713	71.8	180.3	22000	1454	0.389	0.024	5.19	7.49	2.26
BJXNPK8	0.0677	0.0114	1790.5	0.984	0.738	103.8	250.3	22000	1787	0.408	0.0164	5.52	7.97	2.4
BJXNPK9	0.0848	0.0116	1777.1	0.984	0.74	105.2	254.2	22000	1774	0.4	0.0164	5.54	7.99	2.41
BJXNPKM1	0.0174	0.0289	2258	0.996	0.836	382.8	636.3	22000	2255	0.375	0.00374	6.46	9.31	2.8
BJXNPKM2	0.0187	0.0294	2255.4	0.996	0.838	389.8	646.7	22000	2253	0.357	0.00369	6.47	9.34	2.81
BJXNPKM3	0.0163	0.0339	2432	0.997	0.848	458.3	744.9	22000	2429	0.374	0.00311	6.61	9.54	2.87
BJXNPKM4	0.0177	0.0293	2232.5	0.996	0.839	389.4	643.5	22000	2229	0.371	0.00367	6.47	9.33	2.81
BJXNPKM5	0.0187	0.028	2222.1	0.996	0.834	365.5	615.8	22000	2219	0.379	0.00396	6.42	9.27	2.79
BJXNPKM6	0.0156	0.0279	2211.8	0.996	0.834	369.4	613.9	22000	2209	0.37	0.00384	6.42	9.26	2.79
BJXNPKM7	0.0226	0.0241	1960	0.995	0.828	312.3	530.4	22000	1958	0.325	0.00465	6.27	9.05	2.72
BJXNPKM8	0.0171	0.0292	2221.3	0.996	0.839	390.6	641.6	22000	2219	0.358	0.00364	6.46	9.33	2.81
BJXNPKM9	0.0175	0.0273	2164.5	0.996	0.833	359.1	599.6	22000	2161	0.379	0.00401	6.4	9.23	2.78
BHLCK1	0.0229	0.0241	2116.2	0.995	0.819	304.7	530.6	22000	2113	0.379	0.00478	6.27	9.05	2.72
BHLCK2	0.0216	0.0268	2218.7	0.996	0.828	339.4	588.8	22000	2216	0.372	0.00434	6.38	9.2	2.77
BHLCK3	0.018	0.0265	2162.1	0.996	0.83	349.6	583.3	22000	2159	0.383	0.00406	6.37	9.19	2.77
BHLNPK1	0.0187	0.0255	2068.5	0.996	0.829	333.7	560.9	22000	2065	0.373	0.00431	6.33	9.13	2.75
BHLNPK2	0.0255	0.0236	2107.3	0.995	0.817	292.5	518.7	22000	2104	0.382	0.00509	6.25	9.02	2.71
BHLNPK3	0.0198	0.0255	2103.4	0.996	0.827	331.7	561.2	22000	2100	0.376	0.00434	6.33	9.13	2.75
BHLNPKM1	0.0164	0.0284	2266	0.996	0.834	372.5	625.7	22000	2263	0.379	0.00385	6.44	9.29	2.8
BHLNPKM2	0.0175	0.0276	2196	0.996	0.833	363.3	607.6	22000	2193	0.375	0.00395	6.41	9.25	2.78
BHLNPKM3	0.0175	0.0291	2197	0.996	0.84	392.2	640.6	22000	2194	0.369	0.00362	6.46	9.32	2.81
RJXCK1	0.102	0.00958	1552.6	0.979	0.728	84.7	210.8	22000	1549	0.388	0.021	5.35	7.72	2.32
RJXCK2	0.113	0.0118	1693.7	0.98	0.748	96.4	258.9	22000	1691	0.371	0.0205	5.56	8.02	2.41
RJXCK3	0.115	0.0119	1660.7	0.98	0.751	100	261.6	22000	1658	0.356	0.0197	5.57	8.03	2.42
RJXCK4	0.132	0.0102	1564.5	0.976	0.736	82.1	223.4	22000	1562	0.361	0.0244	5.41	7.8	2.35
RJXCK5	0.103	0.00993	1525.1	0.98	0.735	91	218.4	22000	1523	0.362	0.0196	5.39	7.77	2.34
RJXCK6	0.125	0.0103	1625	0.976	0.734	81.7	227.5	22000	1623	0.354	0.0242	5.43	7.83	2.36
RJXCK7	0.13	0.0101	1667.1	0.974	0.729	76.4	222.7	22000	1664	0.377	0.0262	5.41	7.8	2.35
RJXCK8	0.117	0.0122	1640.6	0.98	0.756	103.6	269.2	22000	1638	0.344	0.0195	5.6	8.07	2.43
RJXCK9	0.0706	0.0139	1721.6	0.987	0.768	138.8	306.3	22000	1719	0.372	0.0125	5.72	8.26	2.49
RJXNPK1	0.0379	0.0145	1612.3	0.991	0.781	167	318.9	22000	1610	0.345	0.00902	5.76	8.32	2.5
RJXNPK2	0.0642	0.014	1583.2	0.989	0.778	154.5	308.7	22000	1581	0.339	0.0105	5.73	8.27	2.49
RJXNPK3	0.0417	0.0116	1541.8	0.988	0.755	127.9	254.6	22000	1539	0.371	0.0117	5.54	7.99	2.41
RJXNPK4	0.0592	0.0101	1355.6	0.987	0.75	113.2	222.7	22000	1352	0.364	0.0133	5.41	7.8	2.35
RJXNPK5	0.0755	0.0092	1312.5	0.984	0.74	98.3	202.3	22000	1309	0.369	0.0162	5.31	7.66	2.31
RJXNPK6	0.0615	0.0101	1432.3	0.985	0.744	106.1	223.3	22000	1430	0.34	0.0148	5.41	7.8	2.35
RJXNPK7	0.0411	0.0136	1505.3	0.991	0.78	160.4	300.2	22000	1503	0.331	0.00927	5.7	8.23	2.48
RJXNPK8	0.141	0.00732	1398.5	0.97	0.702	61.6	161	22000	1395	0.392	0.0298	5.08	7.33	2.21
RJXNPK9	0.0428	0.012	1483.1	0.989	0.764	138.2	264.1	22000	1479	0.372	0.0108	5.58	8.04	2.42
RJXNPKM1	0.0416	0.0189	2013.5	0.992	0.793	202.5	416.5	22000	2011	0.364	0.00806	6.03	8.7	2.62
RJXNPKM2	0.0364	0.0195	2058.5	0.993	0.795	213.1	430	22000	2056	0.357	0.00744	6.06	8.75	2.63
RJXNPKM3	0.0371	0.0264	2242.2	0.995	0.825	313.3	579.8	22000	2240	0.355	0.00508	6.36	9.18	2.76
RJXNPKM4	0.0674	0.0215	2108.9	0.991	0.805	214.1	472.5	22000	2106	0.367	0.00885	6.16	8.88	2.67
RJXNPKM5	0.0348	0.0257	2217.1	0.995	0.823	305.9	564.8	22000	2214	0.372	0.00514	6.34	9.14	2.75
RJXNPKM8	0.0216	0.0304	2338	0.996	0.839	386.5	668.1	22000	2336	0.349	0.00386	6.5	9.38	2.82
RJXNPKM9	0.027	0.0253	2074.4	0.995	0.828	316.9	556.2	22000	2072	0.35	0.00475	6.32	9.12	2.75
RHLSCK1	0.175	0.00985	1760.9	0.963	0.72	61.2	216.8	22000	1758	0.384	0.0369	5.38	7.76	2.34
RHLSCK2	0.14	0.0108	1796.8	0.972	0.73	76	236.8	22000	1794	0.393	0.0279	5.47	7.89	2.37
RHLSCK3	0.154	0.0112	1816.5	0.971	0.734	76.3	247	22000	1814	0.376	0.0292	5.51	7.95	2.39
RHLSNPK1	0.0705	0.0157	1797.7	0.988	0.78	153	346	22000	1795	0.361	0.012	5.85	8.43	2.54
RHLSNPK2	0.0803	0.0145	1817	0.986	0.768	133	318.1	22000	1814	0.378	0.0142	5.76	8.31	2.5
RHLSNPK3	0.0721	0.0149	1793.7	0.988	0.773	145.4	326.8	22000	1791	0.374	0.0125	5.79	8.35	2.51
RHLSNPKM1	0.115	0.0126	1859.1	0.979	0.747	98.5	276.5	22000	1856	0.384	0.0205	5.62	8.11	2.44
RHLSNPKM2	0.0644	0.0184	1834.8	0.991	0.799	195.6	403.7	22000	1832	0.352	0.00908	6	8.66	2.61
RHLSNPKM3	0.027	0.0207	1939.2	0.994	0.809	252	455.6	22000	1936	0.375	0.00596	6.12	8.83	2.66
RHLLCK1	0.0489	0.019	1845.1	0.993	0.803	224.3	418.1	22000	1843	0.347	0.00706	6.04	8.71	2.62
RHLLCK2	0.0501	0.0171	1830.4	0.992	0.789	193.8	375.6	22000	1828	0.358	0.00816	5.93	8.55	2.57
RHLLCK3	0.0283	0.0196	1833.9	0.994	0.808	247.6	431.3	22000	1831	0.373	0.00589	6.07	8.75	2.63
RHLLNPK1	0.11	0.0158	1849.9	0.984	0.778	134.1	346.8	22000	1847	0.382	0.0162	5.85	8.44	2.54
RHLLNPK2	0.081	0.0161	1868	0.988	0.779	158.3	353.4	22000	1864	0.408	0.0117	5.87	8.47	2.55
RHLLNPK3	0.06	0.0194	1963	0.991	0.799	205.8	425.9	22000	1960	0.372	0.00851	6.05	8.73	2.63
RHLLNPKM1	0.0703	0.0198	2021.7	0.991	0.798	199.1	434.6	22000	2019	0.368	0.00941	6.07	8.76	2.64
RHLLNPKM2	0.0272	0.0243	2083.9	0.995	0.822	306.4	535.6	22000	2081	0.378	0.00485	6.28	9.06	2.73
RHLLNPKM3	0.0161	0.0278	2175.7	0.996	0.835	368.7	611	22000	2173	0.365	0.00386	6.42	9.26	2.79
REJXCK1	0.243	0.00107	541.8	0.892	0.502	12.4	23.5	22000	537	0.439	0.108	3.16	4.55	1.37
REJXCK2	0.132	0.00173	569.5	0.944	0.575	22.6	38.1	22000	564	0.421	0.0564	3.64	5.25	1.58
REJXCK3	0.174	0.00213	818.2	0.937	0.574	22.4	46.9	22000	814	0.426	0.0633	3.85	5.55	1.67
REJXCK4	0.333	0.000844	519.6	0.853	0.468	9.38	18.6	22000	515	0.452	0.147	2.92	4.22	1.27
REJXCK5	0.246	0.00118	513.1	0.901	0.523	13.7	26	22000	509	0.408	0.099	3.26	4.7	1.42
REJXCK6	0.196	0.00135	506.8	0.925	0.545	17.3	29.6	22000	500	0.441	0.0753	3.39	4.89	1.47
REJXCK7	0.285	0.00139	757.8	0.878	0.516	12.3	30.6	22000	755	0.398	0.122	3.42	4.93	1.49
REJXCK8	0.239	0.00185	734.1	0.914	0.562	17.6	40.6	22000	732	0.359	0.0856	3.7	5.34	1.61
REJXCK9	0.246	0.00168	691.8	0.912	0.552	16.8	36.9	22000	688	0.431	0.0885	3.61	5.21	1.57
REJXNPK1	0.226	0.00137	627.6	0.909	0.529	15.1	30.1	22000	623	0.441	0.091	3.41	4.91	1.48
REJXNPK2	0.145	0.00196	586.3	0.944	0.592	24.2	43.2	22000	581	0.421	0.0558	3.77	5.43	1.64
REJXNPK3	0.152	0.00166	584.9	0.935	0.565	20.3	36.5	22000	582	0.393	0.065	3.6	5.19	1.56
REJXNPK4	0.183	0.00164	555.7	0.928	0.568	19.1	36.2	22000	551	0.409	0.0723	3.59	5.18	1.56
REJXNPK5	0.129	0.00213	673.6	0.95	0.591	26.3	46.8	22000	670	0.401	0.05	3.85	5.55	1.67
REJXNPK6	0.182	0.00167	607.9	0.922	0.563	18.3	36.8	22000	604	0.41	0.0775	3.61	5.2	1.57
REJXNPK7	0.154	0.00187	665.6	0.932	0.572	20.4	41.2	22000	663	0.398	0.0685	3.72	5.36	1.61
REJXNPK8	0.144	0.00178	650.3	0.934	0.567	20.5	39.1	22000	646	0.431	0.0656	3.67	5.29	1.59
REJXNPK9	0.097	0.00361	850.4	0.967	0.649	41.9	79.4	22000	846	0.407	0.0334	4.37	6.31	1.9
REJXNPKM1	0.156	0.00303	927.2	0.953	0.615	31.4	66.7	22000	923	0.427	0.0475	4.2	6.06	1.82
REJXNPKM2	0.075	0.00458	1080.6	0.973	0.661	52	100.7	22000	1077	0.418	0.0267	4.61	6.65	2
REJXNPKM3	0.143	0.00378	984.7	0.961	0.642	39.2	83.3	22000	979	0.451	0.0389	4.42	6.38	1.92
REJXNPKM4	0.174	0.00417	1187	0.953	0.639	36	91.8	22000	1184	0.406	0.0466	4.52	6.52	1.96
REJXNPKM5	0.268	0.00246	982.8	0.914	0.579	19.9	54.1	22000	979	0.448	0.0862	3.99	5.76	1.73
REJXNPKM6	0.134	0.00272	802	0.95	0.612	29	59.8	22000	798	0.408	0.0498	4.09	5.9	1.78
REJXNPKM8	0.0843	0.00599	1083.2	0.977	0.699	66.2	131.7	22000	1080	0.387	0.0226	4.88	7.04	2.12
REJXNPKM9	0.0927	0.00526	1061.3	0.974	0.682	58.3	115.8	22000	1058	0.403	0.0255	4.75	6.86	2.06
REHLSCK1	0.513	0.000555	626.1	0.715	0.389	4.92	12.2	22000	622	0.462	0.285	2.5	3.61	1.09
REHLSCK2	0.482	0.000972	710	0.76	0.467	6.67	21.4	22000	706	0.431	0.24	3.06	4.42	1.33
REHLSCK3	0.603	0.00049	598.3	0.627	0.372	3.79	10.8	22000	594	0.435	0.373	2.38	3.43	1.03
REHLSNPK1	0.16	0.00299	902.8	0.944	0.615	28	65.7	22000	900	0.39	0.0562	4.18	6.04	1.82
REHLSNPK2	0.149	0.00138	716.8	0.917	0.52	15.7	30.4	22000	710	0.482	0.0826	3.41	4.93	1.48
REHLSNPK3	0.284	0.00114	672.4	0.867	0.495	10.7	25	22000	670	0.417	0.133	3.22	4.64	1.4
REHLSNPKM1	0.332	0.000978	634.1	0.851	0.476	9.56	21.5	22000	629	0.475	0.149	3.07	4.43	1.33
REHLSNPKM2	0.244	0.00127	563.1	0.899	0.526	13.8	28	22000	560	0.401	0.101	3.33	4.81	1.45
REHLSNPKM3	0.358	0.00097	726.8	0.837	0.465	8.84	21.3	22000	722	0.463	0.163	3.06	4.41	1.33
REHLLNPK1	0.17	0.00267	992.5	0.942	0.591	25.9	58.8	22000	990	0.432	0.0578	4.07	5.88	1.77
REHLLNPK2	0.177	0.00254	966.9	0.939	0.586	24.3	55.9	22000	964	0.412	0.0613	4.02	5.81	1.75
REHLLNPKM1	0.161	0.0025	856.3	0.945	0.594	26.2	54.9	22000	853	0.412	0.0548	4.01	5.78	1.74
REHLLNPKM2	0.0966	0.00501	1102.4	0.974	0.672	55.2	110.3	22000	1099	0.404	0.0265	4.7	6.79	2.04
LJXCK1	0.285	0.00102	349	0.892	0.532	12.9	22.4	22000	344	0.478	0.108	3.11	4.49	1.35
LJXCK2	0.25	0.001	343.6	0.9	0.532	13.3	22	22000	336	0.475	0.0996	3.09	4.46	1.34
LJXCK3	0.505	0.000539	331.1	0.731	0.428	5.38	11.9	22000	323	0.485	0.269	2.47	3.57	1.07
LJXCK4	0.114	0.00136	349.8	0.945	0.582	21.4	30	22000	347	0.402	0.0547	3.4	4.91	1.48
LJXCK6	0.129	0.00129	319.7	0.934	0.581	18.8	28.4	22000	317	0.355	0.066	3.35	4.83	1.45
LJXCK7	0.237	0.00086	363.1	0.882	0.5	11	18.9	22000	357	0.439	0.118	2.94	4.24	1.28
LJXCK8	0.196	0.00102	427.2	0.914	0.515	14.5	22.5	22000	422	0.52	0.0859	3.12	4.49	1.35
LJXCK9	0.224	0.00088	295.6	0.905	0.523	12.9	19.4	22000	288	0.433	0.0954	2.96	4.27	1.29
LJXNPK1	0.617	0.000256	202.8	0.603	0.326	3.22	5.62	22000	199	0.47	0.397	1.73	2.49	0.75
LJXNPK2	0.296	0.000474	253.4	0.823	0.425	6.85	10.4	22000	250	0.458	0.177	2.34	3.38	1.02
LJXNPK3	0.31	0.00051	191.4	0.841	0.462	7.66	11.2	22000	187	0.457	0.159	2.42	3.49	1.05
LJXNPK4	0.382	0.000713	329.7	0.83	0.476	8.31	15.7	22000	326	0.425	0.17	2.75	3.97	1.2
LJXNPK5	0.311	0.000625	273	0.84	0.47	8.12	13.8	22000	264	0.479	0.16	2.62	3.78	1.14
LJXNPK6	0.281	0.000631	287.5	0.861	0.467	8.96	13.9	22000	279	0.457	0.139	2.63	3.8	1.14
LJXNPK7	0.445	0.000482	369.6	0.77	0.4	5.79	10.6	22000	366	0.469	0.23	2.36	3.41	1.03
LJXNPK8	0.187	0.00111	386.3	0.917	0.538	15.3	24.4	22000	380	0.467	0.0834	3.19	4.61	1.39
LJXNPK9	0.35	0.000797	417.8	0.845	0.476	9.01	17.5	22000	410	0.499	0.155	2.86	4.13	1.24
LJXNPKM1	0.231	0.000637	277.8	0.876	0.471	9.54	14	22000	272	0.462	0.124	2.64	3.81	1.15
LJXNPKM2	0.324	0.000595	304.4	0.819	0.452	7.22	13.1	22000	297	0.453	0.181	2.57	3.71	1.12
LJXNPKM3	0.192	0.0013	387.5	0.923	0.563	17.2	28.6	22000	384	0.397	0.0765	3.35	4.84	1.46
LJXNPKM4	0.215	0.000796	394	0.885	0.48	10.8	17.5	22000	390	0.46	0.115	2.86	4.13	1.24
LJXNPKM5	0.207	0.00107	444.5	0.901	0.519	13.3	23.6	22000	441	0.4	0.0989	3.16	4.56	1.37
LJXNPKM6	0.369	0.00073	383.2	0.825	0.467	7.98	16.1	22000	380	0.43	0.175	2.78	4.01	1.21
LJXNPKM7	0.368	0.000533	259.7	0.816	0.444	6.99	11.7	22000	257	0.438	0.184	2.46	3.55	1.07
LJXNPKM8	0.331	0.000703	301.6	0.85	0.481	8.87	15.5	22000	297	0.416	0.15	2.74	3.95	1.19
LJXNPKM9	0.217	0.00108	300.3	0.921	0.556	16.1	23.8	22000	297	0.466	0.0795	3.17	4.57	1.38
LHLCK1	0.453	0.000246	195.8	0.671	0.322	3.51	5.42	22000	190	0.445	0.329	1.69	2.44	0.734
LHLCK2	0.313	0.000457	272.6	0.808	0.414	6.28	10	22000	265	0.485	0.192	2.31	3.33	1
LHLCK3	0.249	0.000789	307.7	0.882	0.499	10.7	17.4	22000	304	0.436	0.118	2.85	4.12	1.24
LHLCK4	0.507	0.000507	328.9	0.728	0.417	5.22	11.1	22000	325	0.439	0.272	2.41	3.48	1.05
LHLCK5	0.405	0.00059	290.9	0.807	0.453	7.11	13	22000	286	0.456	0.193	2.56	3.7	1.11
LHLCK6	0.568	0.000367	302.5	0.661	0.366	3.99	8.07	22000	298	0.462	0.339	2.09	3.01	0.907
LHLCK7	0.56	0.000243	233.8	0.623	0.31	3.19	5.35	22000	224	0.471	0.377	1.68	2.42	0.728
LHLCK9	0.215	0.000946	351.9	0.891	0.518	12.2	20.8	22000	349	0.429	0.109	3.04	4.38	1.32
LHLNPK4	0.224	0.00105	559.7	0.895	0.496	12.6	23	22000	556	0.469	0.105	3.14	4.52	1.36
LHLNPK5	0.379	0.000915	437.5	0.836	0.494	9.21	20.1	22000	435	0.388	0.164	3	4.33	1.3
LHLNPK6	0.211	0.000775	285	0.888	0.505	11.1	17.1	22000	275	0.471	0.112	2.84	4.09	1.23
LHLNPK7	0.538	0.000445	336.6	0.694	0.393	4.53	9.8	22000	331	0.434	0.306	2.28	3.29	0.991
LHLNPK8	0.389	0.000523	283.1	0.791	0.435	6.32	11.5	22000	276	0.477	0.209	2.44	3.52	1.06
LHLNPK9	0.28	0.000735	276.8	0.871	0.497	9.98	16.2	22000	270	0.461	0.129	2.78	4.02	1.21
LHLNPKM1	0.362	0.000532	356.9	0.802	0.419	6.43	11.7	22000	354	0.431	0.198	2.46	3.55	1.07
LHLNPKM2	0.288	0.0007	285.3	0.858	0.485	9.17	15.4	22000	280	0.441	0.142	2.73	3.95	1.19
LHLNPKM3	0.217	0.000789	235.8	0.886	0.524	11.1	17.4	22000	232	0.365	0.114	2.85	4.12	1.24
LHLNPKM4	0.228	0.000599	287.4	0.847	0.456	8.07	13.2	22000	285	0.42	0.153	2.58	3.72	1.12
LHLNPKM5	0.227	0.000678	278.4	0.873	0.481	9.62	14.9	22000	275	0.442	0.127	2.7	3.9	1.17
LHLNPKM6	0.327	0.000757	294.6	0.857	0.496	9.51	16.6	22000	289	0.403	0.143	2.81	4.06	1.22
LHLNPKM7	0.495	0.000366	278.6	0.72	0.373	4.6	8.06	22000	270	0.506	0.28	2.09	3.01	0.906
LHLNPKM8	0.602	0.000263	228.3	0.606	0.324	3.2	5.78	22000	225	0.429	0.394	1.76	2.53	0.762
LHLNPKM9	0.323	0.000563	316.9	0.82	0.438	7.11	12.4	22000	311	0.494	0.18	2.52	3.63	1.09
LEJXCK1	0.206	0.000918	374.4	0.903	0.508	12.8	20.2	22000	372	0.408	0.0973	3.01	4.34	1.31
LEJXCK2	0.322	0.000576	221.2	0.839	0.472	7.93	12.7	22000	218	0.402	0.161	2.54	3.66	1.1
LEJXCK3	0.732	0.000169	178.3	0.454	0.255	2.22	3.71	22000	171	0.488	0.546	1.31	1.89	0.57
LEJXCK4	0.293	0.000478	200.3	0.823	0.447	6.91	10.5	22000	193	0.412	0.177	2.35	3.39	1.02
LEJXCK5	0.331	0.000615	269.4	0.84	0.467	8.05	13.5	22000	265	0.402	0.16	2.6	3.76	1.13
LEJXCK6	0.144	0.00115	220.6	0.934	0.6	18.1	25.3	22000	217	0.367	0.0663	3.23	4.66	1.4
LEJXCK7	0.301	0.000655	248.7	0.859	0.485	9.06	14.4	22000	244	0.424	0.141	2.67	3.85	1.16
LEJXCK8	0.27	0.000874	371.1	0.871	0.5	10.4	19.2	22000	369	0.354	0.129	2.96	4.27	1.28
LEJXCK9	0.189	0.000823	295.5	0.904	0.51	12.5	18.1	22000	292	0.399	0.096	2.9	4.18	1.26
LEJXNPK1	0.625	0.000249	231.6	0.587	0.315	3.06	5.48	22000	220	0.48	0.413	1.7	2.45	0.739
LEJXNPK2	0.297	0.000753	306.7	0.866	0.492	9.73	16.6	22000	300	0.412	0.134	2.81	4.05	1.22
LEJXNPK3	0.363	0.000507	218.3	0.82	0.449	7.06	11.2	22000	215	0.431	0.18	2.41	3.48	1.05
LEJXNPK4	0.352	0.000725	292.4	0.841	0.49	8.69	15.9	22000	283	0.412	0.159	2.77	3.99	1.2
LEJXNPK5	0.319	0.000634	247.8	0.854	0.48	8.79	14	22000	242	0.436	0.146	2.64	3.8	1.14
LEJXNPK6	0.137	0.00114	364	0.925	0.547	16.3	25	22000	359	0.397	0.0749	3.22	4.65	1.4
LEJXNPK7	0.366	0.000669	320.8	0.828	0.468	7.96	14.7	22000	313	0.465	0.172	2.69	3.88	1.17
LEJXNPK8	0.243	0.000863	258	0.898	0.532	12.5	19	22000	252	0.411	0.102	2.94	4.25	1.28
LEJXNPK9	0.301	0.000666	302.9	0.841	0.471	8.19	14.7	22000	299	0.39	0.159	2.68	3.87	1.17
LEJXNPKM1	0.284	0.000519	153.5	0.855	0.486	8.2	11.4	22000	150	0.351	0.145	2.43	3.51	1.06
LEJXNPKM2	0.382	0.00044	206.2	0.784	0.429	5.84	9.67	22000	198	0.387	0.216	2.27	3.27	0.986
LEJXNPKM3	0.24	0.000716	241.8	0.879	0.504	10.3	15.7	22000	238	0.393	0.121	2.76	3.98	1.2
LEJXNPKM4	0.509	0.000354	242.2	0.71	0.375	4.47	7.79	22000	237	0.408	0.29	2.05	2.96	0.892
LEJXNPKM5	0.293	0.00064	276.6	0.846	0.471	8.33	14.1	22000	274	0.364	0.154	2.65	3.82	1.15
LEJXNPKM6	0.191	0.00108	334.4	0.916	0.546	15	23.8	22000	332	0.375	0.0843	3.17	4.57	1.38
LEJXNPKM7	0.358	0.000353	198.9	0.754	0.389	4.94	7.77	22000	194	0.497	0.246	2.05	2.96	0.89
LEJXNPKM8	0.435	0.000394	199.2	0.766	0.412	5.41	8.68	22000	190	0.471	0.234	2.16	3.12	0.938
LEJXNPKM9	0.352	0.000488	232.9	0.804	0.438	6.45	10.7	22000	227	0.452	0.196	2.37	3.42	1.03
LEHLCK1	0.458	0.000215	187.5	0.654	0.299	3.26	4.73	22000	181	0.495	0.346	1.55	2.24	0.675
LEHLCK2	0.348	0.0003	191.2	0.753	0.362	4.57	6.59	22000	182	0.47	0.247	1.89	2.72	0.819
LEHLCK3	0.374	0.000471	216.2	0.815	0.438	6.78	10.4	22000	208	0.464	0.185	2.34	3.37	1.02
LEHLCK4	0.394	0.000341	204.5	0.744	0.38	4.68	7.5	22000	200	0.418	0.256	2.01	2.91	0.875
LEHLCK5	0.37	0.000382	197.7	0.784	0.405	5.54	8.41	22000	193	0.443	0.216	2.13	3.07	0.925
LEHLCK6	0.636	0.00025	182.9	0.581	0.329	3.06	5.49	22000	178	0.436	0.419	1.7	2.46	0.74
LEHLCK7	0.603	0.000211	212.5	0.585	0.288	2.87	4.65	22000	206	0.488	0.415	1.54	2.22	0.667
LEHLCK8	0.262	0.000569	250.4	0.852	0.458	8.23	12.5	22000	248	0.398	0.148	2.53	3.65	1.1
LEHLCK9	0.371	0.000464	177.7	0.803	0.45	6.39	10.2	22000	174	0.389	0.197	2.32	3.35	1.01
LEHLNPK1	0.512	0.000262	219.1	0.664	0.327	3.56	5.76	22000	213	0.472	0.336	1.75	2.53	0.76
LEHLNPK2	0.274	0.000807	244.9	0.885	0.525	11.3	17.8	22000	241	0.405	0.115	2.88	4.15	1.25
LEHLNPK3	0.409	0.000587	227.7	0.805	0.472	7.1	12.9	22000	225	0.367	0.195	2.56	3.69	1.11
LEHLNPK4	0.26	0.000668	348.4	0.848	0.46	8.36	14.7	22000	344	0.429	0.152	2.69	3.88	1.17
LEHLNPK5	0.403	0.000681	289.7	0.817	0.479	7.85	15	22000	285	0.441	0.183	2.71	3.91	1.18
LEHLNPK6	0.218	0.00074	244.7	0.883	0.509	10.6	16.3	22000	239	0.421	0.117	2.79	4.02	1.21
LEHLNPK7	0.436	0.000604	291	0.789	0.458	6.77	13.3	22000	283	0.465	0.211	2.59	3.73	1.12
LEHLNPK8	0.586	0.000313	216.7	0.634	0.36	3.58	6.89	22000	214	0.391	0.366	1.93	2.78	0.838
LEHLNPK9	0.26	0.000728	270.7	0.859	0.497	9.39	16	22000	266	0.438	0.141	2.77	4	1.2
LEHLNPKM2	0.368	0.000643	282.2	0.829	0.471	7.96	14.1	22000	276	0.458	0.171	2.65	3.82	1.15
LEHLNPKM3	0.219	0.000841	288	0.888	0.517	11.5	18.5	22000	282	0.417	0.112	2.92	4.21	1.27
LEHLNPKM4	0.51	0.000419	248.9	0.717	0.405	4.81	9.22	22000	242	0.473	0.283	2.22	3.21	0.965
LEHLNPKM5	0.255	0.000581	190.7	0.86	0.487	8.64	12.8	22000	187	0.388	0.14	2.55	3.68	1.11
LEHLNPKM6	0.526	0.00039	160.5	0.702	0.425	4.55	8.58	22000	157	0.335	0.298	2.15	3.1	0.934
LEHLNPKM7	0.613	0.00023	148.2	0.599	0.326	3.09	5.07	22000	145	0.397	0.401	1.62	2.34	0.705
LEHLNPKM8	0.7	0.000209	185.4	0.501	0.293	2.52	4.6	22000	183	0.38	0.499	1.53	2.2	0.663
LEHLNPKM9	0.25	0.000686	239.5	0.871	0.497	9.74	15.1	22000	235	0.407	0.129	2.71	3.92	1.18
XEJXCK1	0.759	0.000111	55.8	0.399	0.225	1.87	2.44	22000	53	0.352	0.601	0.892	1.29	0.388
XEJXCK2	0.677	0.000144	56.8	0.507	0.293	2.34	3.16	22000	51	0.327	0.493	1.15	1.66	0.5
XEJXCK3	0.601	0.000166	69.9	0.585	0.31	2.75	3.64	22000	65	0.379	0.415	1.29	1.86	0.561
XEJXCK4	0.705	0.000134	64.1	0.474	0.266	2.18	2.95	22000	58	0.356	0.526	1.08	1.56	0.469
XEJXCK5	0.288	0.000329	79.2	0.809	0.456	5.8	7.24	22000	77	0.346	0.191	1.98	2.86	0.859
XEJXCK6	0.314	0.000302	89.5	0.789	0.426	5.26	6.64	22000	85	0.349	0.211	1.89	2.73	0.822
XEJXCK7	0.328	0.000301	94	0.786	0.42	5.22	6.61	22000	90	0.374	0.214	1.89	2.73	0.821
XEJXCK8	0.319	0.000312	104.9	0.782	0.422	5.22	6.87	22000	96	0.392	0.218	1.93	2.78	0.837
XEJXCK9	0.275	0.000318	92	0.804	0.439	5.61	6.99	22000	84	0.376	0.196	1.94	2.81	0.845
XEJXNPK1	0.429	0.000224	77.4	0.706	0.373	3.8	4.94	22000	72	0.315	0.294	1.6	2.3	0.694
XEJXNPK2	0.291	0.000276	73.8	0.784	0.421	4.98	6.08	22000	73	0.257	0.216	1.8	2.6	0.784
XEJXNPK3	0.709	0.000133	60.5	0.467	0.265	2.15	2.93	22000	58	0.305	0.533	1.07	1.55	0.467
XEJXNPK4	0.679	0.000139	59	0.499	0.28	2.28	3.05	22000	54	0.345	0.501	1.12	1.61	0.485
XEJXNPK5	0.725	0.000127	57.1	0.448	0.259	2.07	2.79	22000	53	0.37	0.552	1.03	1.48	0.446
XEJXNPK6	0.662	0.000131	71.5	0.503	0.259	2.24	2.88	22000	59	0.417	0.497	1.06	1.53	0.459
XEJXNPK7	0.698	0.00013	55.6	0.481	0.266	2.19	2.86	22000	52	0.302	0.519	1.05	1.51	0.456
XEJXNPK8	0.487	0.000247	108.1	0.703	0.363	3.94	5.43	22000	106	0.29	0.297	1.69	2.44	0.735
XEJXNPK9	0.696	0.000143	57	0.49	0.286	2.28	3.14	22000	55	0.286	0.51	1.15	1.65	0.498
XEJXNPKM1	0.71	0.00014	62.2	0.471	0.275	2.19	3.08	22000	60	0.311	0.529	1.13	1.62	0.489
XEJXNPKM2	0.455	0.000206	67.8	0.7	0.363	3.68	4.53	22000	64	0.338	0.3	1.51	2.18	0.656
XEJXNPKM3	0.44	0.000168	66	0.643	0.337	3.03	3.69	22000	48	0.367	0.357	1.31	1.88	0.567
XEJXNPKM4	0.613	0.000149	55.5	0.57	0.316	2.61	3.28	22000	43	0.341	0.43	1.19	1.71	0.516
XEJXNPKM5	0.835	9.32E-05	52	0.295	0.19	1.57	2.05	22000	44	0.356	0.705	0.718	1.04	0.312
XEJXNPKM6	0.641	0.000166	42.5	0.56	0.352	2.68	3.66	22000	40	0.22	0.44	1.3	1.87	0.564
XEJXNPKM7	0.793	0.000106	54.3	0.356	0.218	1.74	2.34	22000	49	0.26	0.644	0.849	1.22	0.369
XEJXNPKM8	0.287	0.000441	89.9	0.832	0.511	7.01	9.69	22000	85	0.291	0.168	2.27	3.28	0.986
XEJXNPKM9	0.546	0.000216	60	0.652	0.387	3.41	4.75	22000	56	0.298	0.348	1.56	2.25	0.677
XEHLCK1	0.388	0.000288	101.1	0.762	0.404	4.79	6.33	22000	96	0.361	0.238	1.85	2.66	0.801
XEHLCK2	0.573	0.000186	75.5	0.618	0.339	3.04	4.09	22000	64	0.369	0.382	1.41	2.03	0.611
XEHLCK3	0.24	0.000351	109.9	0.819	0.436	6.08	7.71	22000	108	0.339	0.181	2.04	2.95	0.887
XEHLNPK2	0.229	0.000378	79.4	0.832	0.492	6.62	8.32	22000	74	0.307	0.168	2.12	3.06	0.92
XEHLNPK3	0.226	0.000349	86.2	0.821	0.459	6.11	7.67	22000	85	0.291	0.179	2.04	2.94	0.885
XEHLNPKM1	0.243	0.000338	97.4	0.816	0.44	5.93	7.44	22000	96	0.309	0.184	2.01	2.9	0.872
XEHLNPKM2	0.393	0.000253	86.9	0.735	0.389	4.23	5.56	22000	82	0.301	0.265	1.72	2.47	0.745
XEHLNPKM3	0.284	0.000309	116	0.794	0.406	5.29	6.81	22000	113	0.325	0.206	1.92	2.77	0.833
SEQYCK1	0.951	6.70E-05	188.8	0.096	0.0743	1.16	1.47	22000	186	0.465	0.904	0.388	0.56	0.169
SEQYCK2	0.829	0.000119	250.6	0.308	0.174	1.65	2.61	22000	244	0.518	0.692	0.958	1.38	0.416
SEQYCK3	0.827	0.000125	271	0.312	0.181	1.67	2.74	22000	267	0.485	0.688	1.01	1.46	0.438
SEQYCK4	0.929	7.60E-05	238.9	0.137	0.0945	1.24	1.67	22000	232	0.541	0.863	0.515	0.742	0.224
SEQYCK5	0.318	0.00106	384.6	0.868	0.531	11	23.4	22000	378	0.364	0.132	3.15	4.55	1.37
SEQYCK6	0.225	0.0019	385.9	0.928	0.628	21.1	41.7	22000	379	0.342	0.0724	3.73	5.38	1.62
SEQYCK7	0.184	0.00301	644.7	0.941	0.649	27.6	66.1	22000	641	0.293	0.0586	4.19	6.05	1.82
SEQYCK9	0.281	0.00202	562	0.898	0.6	16.2	44.5	22000	558	0.254	0.102	3.8	5.48	1.65
SEQYNPK1	0.32	0.00151	552.6	0.868	0.555	11.9	33.2	22000	549	0.267	0.132	3.5	5.05	1.52
SEQYNPK2	0.23	0.00135	510.9	0.899	0.544	14.1	29.7	22000	509	0.3	0.101	3.39	4.89	1.47
SEQYNPK3	0.865	0.000101	246.7	0.248	0.146	1.48	2.23	22000	241	0.545	0.752	0.803	1.16	0.349
SEQYNPK4	0.843	0.00011	253.8	0.286	0.161	1.58	2.43	22000	246	0.543	0.714	0.888	1.28	0.386
SEQYNPK5	0.42	0.0008	486.1	0.794	0.465	7.05	17.6	22000	480	0.341	0.206	2.87	4.14	1.25
SEQYNPK6	0.347	0.00138	614.4	0.858	0.532	11.1	30.3	22000	612	0.289	0.142	3.41	4.92	1.48
SEQYNPK7	0.329	0.00137	521	0.869	0.544	11.9	30.1	22000	519	0.267	0.131	3.4	4.91	1.48
SEQYNPK8	0.396	0.00091	580.6	0.81	0.471	7.63	20	22000	578	0.313	0.19	3	4.32	1.3
SEQYNPK9	0.344	0.00109	559.5	0.852	0.502	9.94	23.9	22000	555	0.344	0.148	3.17	4.58	1.38
SEQYNPKM1	0.317	0.00154	551.3	0.875	0.559	12.7	34	22000	548	0.262	0.125	3.53	5.09	1.53
SEQYNPKM2	0.392	0.000907	485.4	0.813	0.485	7.79	20	22000	482	0.261	0.187	2.99	4.32	1.3
SEQYNPKM3	0.392	0.000805	501.7	0.807	0.463	7.3	17.7	22000	496	0.36	0.193	2.87	4.15	1.25
SEQYNPKM4	0.245	0.00271	665.3	0.924	0.629	22.6	59.5	22000	663	0.279	0.0761	4.09	5.9	1.77
SEQYNPKM5	0.332	0.00146	619.5	0.865	0.54	11.8	32.1	22000	616	0.303	0.135	3.47	5	1.51
SEQYNPKM6	0.348	0.00128	656.5	0.851	0.515	10.3	28.2	22000	654	0.311	0.149	3.34	4.82	1.45
SEQYNPKM7	0.344	0.00112	463.2	0.846	0.522	9.68	24.6	22000	459	0.252	0.154	3.2	4.62	1.39
SEQYNPKM8	0.276	0.00166	454	0.898	0.588	15.3	36.4	22000	451	0.206	0.102	3.6	5.19	1.56
SEQYNPKM9	0.342	0.000881	323.1	0.847	0.514	9.19	19.4	22000	320	0.262	0.153	2.96	4.28	1.29
SEYCCK1	0.215	0.00092	329	0.901	0.52	12.5	20.2	22000	326	0.294	0.0994	3.01	4.34	1.31
SEYCCK2	0.396	0.000452	295.7	0.795	0.405	6.18	9.94	22000	292	0.416	0.205	2.3	3.31	0.998
SEYCCK3	0.754	0.000133	122	0.417	0.226	1.99	2.92	22000	115	0.517	0.583	1.07	1.55	0.465
SEYCCK4	0.301	0.00037	194.8	0.811	0.401	6.08	8.14	22000	186	0.561	0.189	2.1	3.02	0.911
SEYCCK5	0.468	0.000352	275.9	0.736	0.365	4.74	7.73	22000	272	0.462	0.264	2.05	2.95	0.888
SEYCCK6	0.662	0.000209	181	0.546	0.296	2.74	4.6	22000	172	0.491	0.454	1.53	2.2	0.663
SEYCCK7	0.267	0.000619	221	0.865	0.485	9.12	13.6	22000	218	0.393	0.135	2.61	3.77	1.13
SEYCCK8	0.232	0.000513	210.6	0.858	0.456	8.2	11.3	22000	203	0.534	0.142	2.42	3.5	1.05
SEYCCK9	0.561	0.000177	126.3	0.613	0.301	2.94	3.9	22000	92	0.624	0.387	1.36	1.96	0.591
SEYCNPK2	0.308	0.000385	168.1	0.824	0.419	6.47	8.46	22000	163	0.488	0.176	2.14	3.08	0.928
SEYCNPK3	0.245	0.000482	220.1	0.863	0.441	8.26	10.6	22000	211	0.585	0.137	2.36	3.41	1.03
SEYCNPK4	0.184	0.000789	397.9	0.898	0.478	11.5	17.4	22000	394	0.418	0.102	2.85	4.12	1.24
SEYCNPK5	0.107	0.00177	538.1	0.946	0.583	23.3	39	22000	535	0.34	0.0541	3.66	5.28	1.59
SEYCNPK6	0.578	0.000236	237.7	0.63	0.304	3.31	5.2	22000	227	0.61	0.37	1.65	2.38	0.716
SEYCNPK7	0.23	0.000752	359.3	0.879	0.478	10.2	16.5	22000	356	0.423	0.121	2.81	4.05	1.22
SEYCNPK8	0.138	0.00109	457.5	0.919	0.52	14.9	24	22000	452	0.408	0.0809	3.18	4.58	1.38
SEYCNPK9	0.313	0.00128	416.4	0.876	0.554	12.3	28.1	22000	413	0.275	0.124	3.34	4.81	1.45
SEYCNPKM1	0.264	0.000502	217.8	0.84	0.448	7.49	11.1	22000	213	0.421	0.16	2.4	3.47	1.04
SEYCNPKM2	0.397	0.000621	257.8	0.809	0.474	7.2	13.7	22000	250	0.378	0.191	2.61	3.77	1.14
SEYCNPKM3	0.485	0.000427	218	0.743	0.419	5.26	9.4	22000	211	0.458	0.257	2.24	3.23	0.973
SEYCNPKM4	0.453	0.00037	275.1	0.742	0.375	4.85	8.13	22000	269	0.478	0.258	2.1	3.02	0.91
SEYCNPKM5	0.486	0.000314	259.1	0.715	0.351	4.3	6.91	22000	246	0.538	0.285	1.93	2.79	0.839
SEYCNPKM6	0.271	0.000633	232.6	0.861	0.485	8.84	13.9	22000	228	0.319	0.139	2.63	3.8	1.14
SEYCNPKM7	0.434	0.00048	200.4	0.779	0.446	6.03	10.6	22000	198	0.332	0.221	2.36	3.4	1.02
SEYCNPKM8	0.317	0.000754	219.5	0.86	0.522	9.52	16.6	22000	218	0.196	0.14	2.81	4.05	1.22
SEYCNPKM9	0.215	0.00093	227.2	0.897	0.557	12.5	20.5	22000	225	0.23	0.103	3.02	4.35	1.31
SEYYCK1	0.482	0.000332	137	0.723	0.405	4.53	7.31	22000	136	0.27	0.277	1.99	2.87	0.864
SEYYCK2	0.347	0.00058	175.2	0.838	0.497	7.99	12.8	22000	168	0.314	0.162	2.55	3.67	1.11
SEYYCK3	0.348	0.000899	277.5	0.851	0.531	9.74	19.8	22000	275	0.217	0.149	2.98	4.31	1.3
SEYYCK4	0.864	0.000103	240.7	0.251	0.15	1.49	2.26	22000	235	0.53	0.749	0.817	1.18	0.355
SEYYCK5	0.359	0.000626	250.8	0.827	0.476	7.61	13.8	22000	248	0.265	0.173	2.62	3.78	1.14
SEYYCK6	0.444	0.000456	177.7	0.767	0.447	5.66	10	22000	174	0.263	0.233	2.31	3.33	1
SEYYCK7	0.407	0.000369	155.6	0.762	0.418	5.16	8.11	22000	150	0.331	0.238	2.09	3.02	0.909
SEYYCK8	0.314	0.000646	240.4	0.852	0.486	8.63	14.2	22000	236	0.312	0.148	2.65	3.83	1.15
SEYYCK9	0.896	8.26E-05	205.2	0.195	0.116	1.35	1.82	22000	172	0.613	0.805	0.598	0.862	0.26
SEYYNPK1	0.39	0.000613	264.1	0.812	0.467	7.22	13.5	22000	263	0.254	0.188	2.6	3.75	1.13
SEYYNPK2	0.393	0.000576	205.1	0.807	0.478	6.97	12.7	22000	204	0.215	0.193	2.54	3.66	1.1
SEYYNPK3	0.48	0.000315	165.4	0.722	0.394	4.45	6.92	22000	136	0.336	0.278	1.93	2.79	0.84
SEYYNPK4	0.511	0.000343	222.3	0.699	0.375	4.24	7.55	22000	218	0.32	0.301	2.02	2.92	0.878
SEYYNPK5	0.331	0.000933	352.7	0.864	0.516	10.5	20.5	22000	350	0.276	0.136	3.02	4.36	1.31
SEYYNPK6	0.468	0.000375	234	0.732	0.389	4.72	8.26	22000	229	0.343	0.268	2.11	3.05	0.917
SEYYNPK7	0.464	0.00042	215	0.745	0.416	5.1	9.23	22000	209	0.281	0.255	2.22	3.21	0.965
SEYYNPK8	0.405	0.00072	258.2	0.807	0.499	7.45	15.8	22000	253	0.28	0.193	2.76	3.99	1.2
SEYYNPK9	0.444	0.000477	278.3	0.764	0.419	5.61	10.5	22000	272	0.337	0.236	2.35	3.39	1.02
SEYYNPKM1	0.296	0.000689	296.4	0.862	0.478	9.18	15.2	22000	294	0.302	0.138	2.72	3.92	1.18
SEYYNPKM2	0.287	0.000941	246	0.882	0.551	11.7	20.7	22000	244	0.278	0.118	3.03	4.37	1.32
SEYYNPKM3	0.172	0.00121	299.9	0.923	0.576	16.5	26.6	22000	298	0.221	0.0766	3.28	4.73	1.43
SEYYNPKM4	0.476	0.000372	189.4	0.732	0.402	4.76	8.19	22000	186	0.278	0.268	2.1	3.03	0.913
SEYYNPKM5	0.374	0.000648	242.7	0.823	0.485	7.69	14.2	22000	240	0.27	0.177	2.66	3.83	1.15
SEYYNPKM6	0.745	0.000183	230.8	0.439	0.257	2.19	4.03	22000	228	0.415	0.561	1.39	2.01	0.605
SEYYNPKM7	0.431	0.00054	243.9	0.78	0.452	6.17	11.9	22000	239	0.325	0.22	2.47	3.57	1.07
SEYYNPKM8	0.922	6.98E-05	156.2	0.148	0.086	1.24	1.54	22000	147	0.608	0.852	0.429	0.619	0.186
SEYYNPKM9	0.424	0.000543	238.3	0.794	0.454	6.63	12	22000	235	0.39	0.206	2.48	3.58	1.08
SECCCK1	0.438	0.00038	225.4	0.745	0.393	4.86	8.36	22000	221	0.306	0.255	2.12	3.06	0.922
SECCCK2	0.398	0.000537	299.1	0.791	0.434	6.29	11.8	22000	296	0.32	0.209	2.47	3.56	1.07
SECCCK3	0.345	0.000578	220.1	0.832	0.473	7.66	12.7	22000	217	0.298	0.168	2.54	3.67	1.1
SECCNPK1	0.281	0.000732	346.1	0.844	0.476	8.35	16.1	22000	344	0.264	0.156	2.78	4.01	1.21
SECCNPK2	0.323	0.00106	380.2	0.86	0.531	10.5	23.4	22000	378	0.253	0.14	3.15	4.55	1.37
SECCNPK3	0.455	0.000345	219.4	0.733	0.377	4.62	7.58	22000	217	0.289	0.267	2.03	2.92	0.88
SECCNPKM1	0.324	0.000743	282.4	0.851	0.495	8.94	16.3	22000	281	0.238	0.149	2.79	4.03	1.21
SECCNPKM2	0.283	0.00103	268.2	0.889	0.559	12.6	22.6	22000	265	0.297	0.111	3.12	4.5	1.35
SECCNPKM3	0.972	5.78E-05	178.2	0.0547	0.0465	1.09	1.27	22000	172	0.613	0.945	0.239	0.345	0.104
SEJXCK1	0.403	0.000351	144.1	0.763	0.417	5.09	7.72	22000	134	0.4	0.237	2.04	2.95	0.888
SEJXCK2	0.384	0.000368	188.9	0.787	0.404	5.61	8.09	22000	178	0.469	0.213	2.09	3.02	0.908
SEJXCK3	0.343	0.00042	215.1	0.813	0.43	6.4	9.24	22000	177	0.539	0.187	2.22	3.21	0.966
SEJXCK4	0.866	8.76E-05	103.7	0.245	0.143	1.45	1.93	22000	99	0.46	0.755	0.656	0.946	0.285
SEJXCK5	0.439	0.000279	184.9	0.718	0.354	4.12	6.15	22000	170	0.415	0.282	1.82	2.62	0.789
SEJXCK6	0.371	0.000397	227.5	0.799	0.402	5.97	8.73	22000	218	0.498	0.201	2.17	3.13	0.941
SEJXCK7	0.418	0.000276	194.3	0.728	0.345	4.22	6.08	22000	188	0.471	0.272	1.81	2.6	0.784
SEJXCK9	0.303	0.00038	191.8	0.809	0.409	5.98	8.35	22000	179	0.478	0.191	2.12	3.06	0.922
SEJXNPK1	0.426	0.000237	130.9	0.711	0.344	3.9	5.21	22000	122	0.48	0.289	1.65	2.38	0.717
SEJXNPK2	0.341	0.000372	172.8	0.799	0.418	5.84	8.17	22000	153	0.571	0.201	2.1	3.03	0.912
SEJXNPK3	0.359	0.000474	206	0.819	0.444	6.9	10.4	22000	197	0.449	0.181	2.35	3.38	1.02
SEJXNPK4	0.252	0.000486	180.1	0.839	0.459	7.29	10.7	22000	175	0.364	0.161	2.37	3.42	1.03
SEJXNPK5	0.889	8.01E-05	149	0.205	0.117	1.36	1.76	22000	127	0.57	0.795	0.567	0.817	0.246
SEJXNPK6	0.886	8.09E-05	160.1	0.21	0.118	1.37	1.78	22000	135	0.625	0.79	0.577	0.832	0.25
SEJXNPK7	0.913	7.07E-05	103.7	0.162	0.0966	1.27	1.56	22000	97	0.561	0.838	0.442	0.637	0.192
SEJXNPK8	0.215	0.00194	633.5	0.918	0.582	18	42.6	22000	631	0.271	0.0821	3.75	5.41	1.63
SEJXNPK9	0.24	0.00198	666.7	0.908	0.581	16.7	43.6	22000	664	0.286	0.0923	3.77	5.45	1.64
SEJXNPKM1	0.285	0.000772	369.8	0.862	0.48	9.46	17	22000	364	0.438	0.138	2.83	4.09	1.23
SEJXNPKM2	0.214	0.00116	377.4	0.913	0.547	15	25.5	22000	372	0.405	0.0875	3.24	4.67	1.41
SEJXNPKM3	0.343	0.000532	291.5	0.821	0.434	6.99	11.7	22000	288	0.401	0.179	2.46	3.55	1.07
SEJXNPKM4	0.865	8.97E-05	143.1	0.247	0.139	1.46	1.97	22000	133	0.537	0.753	0.68	0.981	0.295
SEJXNPKM5	0.858	9.08E-05	154.6	0.256	0.139	1.48	2	22000	143	0.569	0.744	0.692	0.998	0.3
SEJXNPKM8	0.264	0.000581	210	0.863	0.479	8.92	12.8	22000	204	0.541	0.137	2.55	3.68	1.11
SEJXNPKM9	0.199	0.000854	312.2	0.901	0.513	12.3	18.8	22000	305	0.484	0.099	2.93	4.23	1.27
SEHLCK1	0.121	0.00295	658.8	0.951	0.643	29.6	65	22000	657	0.237	0.0495	4.17	6.02	1.81
SEHLCK2	0.166	0.00181	600.5	0.926	0.576	18.6	39.8	22000	598	0.257	0.0741	3.68	5.32	1.6
SEHLCK3	0.159	0.00231	580.9	0.941	0.617	24.4	50.8	22000	579	0.253	0.0585	3.93	5.67	1.71
SEHLNPK1	0.172	0.00291	684.8	0.942	0.637	26.8	63.9	22000	682	0.269	0.0579	4.16	6	1.81
SEHLNPK2	0.59	0.00029	324.9	0.635	0.322	3.56	6.39	22000	317	0.575	0.365	1.85	2.68	0.806
SEHLNPK3	0.847	0.000107	223.5	0.279	0.16	1.56	2.34	22000	208	0.56	0.721	0.852	1.23	0.37
SEHLNPKM1	0.899	8.14E-05	162.6	0.19	0.115	1.34	1.79	22000	157	0.551	0.81	0.582	0.84	0.253
SEHLNPKM2	0.863	9.97E-05	222.8	0.253	0.146	1.49	2.19	22000	214	0.567	0.747	0.786	1.13	0.341
