SampleID	SiteTre	pH	AP 	AK 	TC 	     TN 	  TOC	SWC	AN	NH4 	NO3
BQYCK1	BS	6.216	5.468	32.26	8.4889	1.6839	7.9905	0.2547	9.241	5.8188	3.4222
BQYCK2	BS	6.336	1.866	27.42	7.6883	1.6581	7.2099	0.269	8.4373	4.9541	3.4832
BQYCK3	BS	5.821	3.7	20.43	7.5395	1.8586	7.0737	0.233	8.4883	5.3498	3.1384
BQYCK4	BS	6.173	2.67	23.01	7.0475	1.7253	6.651	0.2699	8.461	5.0318	3.4292
BQYCK5	BS	5.991	7.054	18.28	7.1384	1.7527	6.8221	0.26	7.931	5.0164	2.9146
BQYCK6	BS	5.84	4.616	20.83	7.5437	1.7186	7.4752	0.2124	8.1051	4.9911	3.114
BQYCK7	BS	5.705	7.736	50.2	5.7596	1.7628	5.4486	0.2469	7.3374	4.7397	2.5977
BQYCK8	BS	6.113	5.326	22.21	6.9238	1.7291	6.6277	0.234	7.8403	4.7534	3.0869
BQYCK9	BS	5.804	5.186	19.61	7.4757	1.5195	7.1619	0.4585	11.3324	6.8027	4.5297
BQYNPK1	BS	5.801	72.74	78.49	11.2605	2.0403	10.4538	0.1978	7.54	4.4772	3.0628
BQYNPK2	BS	5.83	91.32	79.42	11.7276	2.1212	10.9656	0.2013	8.9971	5.0328	3.9643
BQYNPK3	BS	5.803	87.036	83.11	12.073	2.1461	11.3041	0.2229	9.5681	5.8356	3.7326
BQYNPK4	BS	5.554	120.172	68.3	11.322	2.1845	10.9381	0.168	8.2354	5.7628	2.4727
BQYNPK5	BS	5.506	106.704	84.58	10.1486	2.0087	9.4472	0.17	8.4624	4.6512	3.8111
BQYNPK6	BS	5.366	93.562	80.14	12.3708	2.2537	11.8262	0.191	10.1464	5.3735	4.7729
BQYNPK7	BS	4.914	83.146	76.26	12.2063	2.2599	11.8428	0.1751	6.612	3.765	2.847
BQYNPK8	BS	4.748	56.186	108	11.1546	2.0448	10.2922	0.1834	6.3934	3.1394	3.2541
BQYNPK9	BS	4.563	87.354	77.21	12.5756	2.1338	11.7415	0.2073	6.6368	3.0814	3.5554
BQYNPKM1	BS	5.95	201.586	278.56	16.6318	2.7283	16.109	0.2458	14.0491	4.027	10.0221
BQYNPKM2	BS	6.006	216.444	213.44	14.9947	2.4571	15.2724	0.2603	17.3341	4.38	12.9541
BQYNPKM3	BS	6.16	254.21	302.8	14.9142	2.4992	14.7179	0.2413	17.4276	3.5375	13.8901
BQYNPKM4	BS	6.04	199.85	299.84	17.6479	2.8273	17.2963	0.265	20.3428	4.3517	15.9912
BQYNPKM5	BS	5.937	196.752	217.44	12.9622	2.2237	12.3217	0.2281	16.704	4.4921	12.2119
BQYNPKM6	BS	6.117	223.198	248.8	17.7035	2.5591	17.3501	0.2424	20.8401	5.2751	15.565
BQYNPKM7	BS	6.144	207.458	231.76	15.5019	2.8221	15.2765	0.2476	16.7079	3.8206	12.8873
BQYNPKM8	BS	6.046	270.312	267.28	17.7013	2.7403	17.8967	0.2447	15.3653	4.236	11.1293
BQYNPKM9	BS	6.051	220.668	252.16	15.326	2.4846	15.1312	0.2484	16.5457	4.6246	11.9212
BYCCK1	BS	9.165	4.99	32	16.272	1.6009	6.0591	0.1644	5.634	1.8611	3.773
BYCCK2	BS	9.178	2.046	29.02	17.0039	1.5669	6.4539	0.1573	5.3602	1.8539	3.5063
BYCCK3	BS	9.215	1.45	24.27	16.4806	1.4808	5.7291	0.1571	4.9859	1.8131	3.1729
BYCCK4	BS	9.19	4.86	25.24	16.3169	1.4957	5.7626	0.152	5.3934	1.641	3.7524
BYCCK5	BS	9.235	5.158	27.15	16.8121	1.5573	6.5552	0.1503	5.3717	2.1667	3.2051
BYCCK6	BS	9.191	3.272	24.83	17.273	1.6192	6.752	0.1563	5.3025	1.7004	3.6021
BYCCK7	BS	9.073	3.668	30.9	17.5457	1.6359	6.969	0.1731	5.5656	1.9135	3.6521
BYCCK8	BS	9.241	3.586	27.55	16.6751	1.5632	6.4897	0.1722	5.6617	1.8495	3.8121
BYCCK9	BS	9.331	1.494	28.88	16.4804	1.5549	6.6843	0.1527	4.9776	1.6625	3.315
BYCNPK1	BS	8.823	13.29	44.89	17.9516	1.8447	9.2372	0.1718	10.5095	1.9375	8.572
BYCNPK2	BS	8.799	24.634	55.99	19.0128	1.9408	9.7975	0.1613	13.3186	1.8231	11.4955
BYCNPK3	BS	8.903	10.948	50.48	17.4233	1.804	7.9737	0.1702	13.148	1.9368	11.2112
BYCNPK4	BS	8.892	9.022	51.06	17.2518	1.6348	7.4016	0.1368	14.0808	1.7957	12.2851
BYCNPK5	BS	9.038	9.868	46.91	17.1702	1.5791	7.4014	0.1491	7.7163	2.2032	5.513
BYCNPK6	BS	8.782	7.824	47.47	17.8189	1.5864	8.152	0.1583	10.5095	1.9375	8.572
BYCNPK7	BS	8.978	6.766	54.87	17.5754	1.7967	6.7467	0.1513	8.0074	2.0693	5.938
BYCNPK8	BS	8.844	7.352	45.13	17.295	1.7607	8.0332	0.1545	6.786	1.7969	4.9891
BYCNPK9	BS	8.846	5.474	41.32	16.8807	1.6785	7.0227	0.1645	10.5095	1.9375	8.572
BYCNPKM1	BS	8.658	52.042	36.26	21.1207	2.0648	10.8081	0.1797	9.3292	1.8472	7.482
BYCNPKM2	BS	8.846	62.058	44.84	21.8191	1.9146	11.7511	0.1833	10.8237	1.4494	9.3743
BYCNPKM3	BS	8.777	43.558	42.22	21.7001	2.1387	11.6766	0.164	13.9456	1.9414	12.0042
BYCNPKM4	BS	8.598	34.142	55.29	22.4391	2.2161	13.6332	0.1799	10.7746	2.3978	8.3768
BYCNPKM5	BS	8.925	43.782	41.33	22.5653	2.179	13.4524	0.1876	12.22	3.0104	9.2096
BYCNPKM6	BS	8.729	49.044	45.56	22.2059	2.2457	13.0638	0.1866	15.1151	1.6655	13.4496
BYCNPKM7	BS	8.606	75.122	59.37	24.0559	2.413	13.9834	0.205	23.8423	2.3627	21.4795
BYCNPKM8	BS	8.829	64.306	52.41	22.6895	2.1513	13.8264	0.1945	19.3211	2.128	17.1931
BYCNPKM9	BS	8.691	52.838	37.93	22.6134	2.2748	13.0898	0.1957	12.2047	2.9478	9.2569
BYYCK1	BS	8.636	4.518	23.97	13.8788	1.453	5.8613	0.1718	7.0855	2.6802	4.4053
BYYCK2	BS	8.648	6.898	19	13.8219	1.4048	5.8396	0.1626	6.5544	2.5061	4.0483
BYYCK3	BS	8.695	3.75	23.47	13.995	1.3821	6.6161	0.1515	6.7	2.59	4.11
BYYCK4	BS	8.591	1.912	18.89	13.512	1.1708	5.6221	0.1517	5.7414	2.0805	3.6609
BYYCK5	BS	8.859	3.438	19.29	13.3053	1.3961	5.8976	0.1489	5.7005	2.2025	3.498
BYYCK6	BS	8.787	2.524	19.53	13.62	1.3906	6.0947	0.1567	6.8657	2.5369	4.3288
BYYCK7	BS	8.835	4.674	29.26	14.9235	1.4281	7.8031	0.1624	7.9315	2.6979	5.2336
BYYCK8	BS	8.827	3.126	18.66	13.6159	1.3468	5.5805	0.1689	7.0076	2.5166	4.491
BYYCK9	BS	8.84	3.254	19.78	12.9325	1.3793	5.0902	0.1489	6.9263	2.3021	4.6242
BYYNPK1	BS	8.356	19.702	59.53	13.7911	1.5767	6.9627	0.1348	12.3417	2.0749	10.2668
BYYNPK2	BS	8.394	12.11	41.7	14.7976	1.6465	6.9219	0.1594	24.9543	1.8185	23.1358
BYYNPK3	BS	8.438	15.514	45.32	14.7172	1.5903	6.52	0.1442	12.4811	1.8325	10.6485
BYYNPK4	BS	8.308	11.87	47.36	15.9235	1.5468	7.4061	0.1186	13.1379	1.5631	11.5748
BYYNPK5	BS	8.274	18.19	77.97	15.7494	1.6415	7.4397	0.1525	23.1796	1.9225	21.2571
BYYNPK6	BS	8.239	11.372	39.71	14.9155	1.7095	7.5585	0.1297	25.6237	1.7504	23.8733
BYYNPK7	BS	8.076	22.594	92.37	14.7213	1.5909	7.4643	0.1098	16.5502	1.4132	15.137
BYYNPK8	BS	8.287	11.712	65.28	15.4204	1.5624	7.247	0.1263	16.4413	1.4621	14.9792
BYYNPK9	BS	8.112	12.502	48.53	15.8194	1.5862	6.9982	0.1424	18.0887	1.7297	16.3591
BYYNPKM1	BS	8.149	31.112	70.3	17.23	1.652	9.1717	0.1549	16.1213	1.8281	14.2932
BYYNPKM2	BS	8.394	40.654	69.99	18.3021	1.9925	11.4129	0.1381	13.7209	1.7004	12.0205
BYYNPKM3	BS	8.112	41.374	64.49	19.159	2.0749	12.2116	0.1605	16.92677143	1.5784	15.34837143
BYYNPKM4	BS	8.317	39.188	66.14	16.928	1.7277	9.6919	0.1573	16.8665	2.1159	14.7506
BYYNPKM5	BS	8.351	36.406	76.63	16.797	1.8562	9.5737	0.1429	20.025	1.4833	18.5417
BYYNPKM6	BS	8.043	34.1	58.91	18.2647	1.9796	10.1638	0.1442	16.75507143	1.4067	15.34837143
BYYNPKM7	BS	8.24	46.668	77.89	18.4266	2.047	11.7369	0.1421	15.1544	1.6202	13.5342
BYYNPKM8	BS	8.35	35.27	55.15	17.6706	1.8604	8.9202	0.1294	18.168	1.4678	16.7002
BYYNPKM9	BS	8.215	34.498	66.83	18.7362	2.0614	11.2059	0.1475	19.3689	1.7708	17.5982
BJX20CK1	BS	5.735	14.336	34.27	7.0687	1.617	6.9519	0.1761	4.9268	2.7888	2.138
BJX20CK2	BS	5.614	15.216	41.35	8.3376	1.8743	8.0024	0.1805	5.3816	3.0752	2.3064
BJX20CK3	BS	5.594	10.036	39.92	7.8155	1.8755	7.7785	0.1711	5.1915	2.9651	2.2264
BJX20CK4	BS	5.539	11.776	40.26	7.4146	1.8407	7.2033	0.1627	5.246	3.0339	2.212
BJX20CK5	BS	5.446	7.796	38.43	7.2333	1.8981	6.7017	0.1793	5.1863	2.9147	2.2716
BJX20CK6	BS	5.384	10.136	33.32	6.9924	1.6751	6.5358	0.1627	4.9717	2.8917	2.08
BJX20CK7	BS	5.469	9.756	36.11	7.5942	1.6698	7.6056	0.1676	5.0961	2.931	2.1651
BJX20CK8	BS	5.451	13.596	60.17	7.3907	1.8322	7.2224	0.1816	5.2022	2.674	2.5283
BJX20CK9	BS	5.43	10.596	36.34	7.9591	1.867	7.3668	0.1756	4.9025	2.5596	2.3429
BJX20NPK1	BS	5.258	16.196	85.7	8.6015	1.8237	8.1616	0.1889	6.1045	3.2361	2.8684
BJX20NPK2	BS	5.026	32.036	77.57	9.0216	1.9006	8.8479	0.1706	5.6107	3.0209	2.5898
BJX20NPK3	BS	4.779	16.736	79.45	8.5818	1.9859	8.2752	0.1902	5.7156	2.8315	2.8841
BJX20NPK4	BS	5.033	10.816	73.12	8.2188	1.9037	7.5766	0.1739	5.6228	3.0174	2.6055
BJX20NPK5	BS	4.743	14.276	96.74	8.3264	1.8326	8.3829	0.1578	4.8896	2.6414	2.2482
BJX20NPK6	BS	4.832	12.796	64.49	8.1231	1.8979	7.925	0.1684	5.3569	2.9647	2.3922
BJX20NPK7	BS	4.759	15.636	88.66	8.2586	1.7107	7.8464	0.1738	6.4872	3.6246	2.8626
BJX20NPK8	BS	4.832	11.596	104.9	8.3618	1.7172	7.7409	0.1603	5.4322	2.9133	2.5188
BJX20NPK9	BS	4.782	15.676	89.23	8.5205	1.5757	8.0266	0.1511	5.2769	2.9383	2.3386
BJX20NPKM1	BS	5.4	200.416	143.36	10.0841	2.0028	9.989	0.1809	20.4667	12.8683	7.5983
BJX20NPKM2	BS	5.904	196.496	154.48	11.415	2.0323	11.1223	0.1826	10.7306	4.3235	6.4071
BJX20NPKM3	BS	5.872	216.816	91.04	10.8004	1.9942	10.4249	0.1556	9.9229	4.5442	5.3787
BJX20NPKM4	BS	5.831	196.716	105.84	10.5789	2.1603	10.6716	0.1502	10.9913	6.9981	3.9932
BJX20NPKM5	BS	5.864	221.036	160.24	11.748	2.1223	11.6949	0.1543	11.8626	5.7908	6.0718
BJX20NPKM6	BS	5.903	209.256	96.88	10.3558	2.0877	10.3498	0.1639	10.6512	7.9884	2.6628
BJX20NPKM7	BS	5.68	204.096	169.52	11.4119	2.2442	11.2396	0.1909	8.9552	4.8042	4.151
BJX20NPKM8	BS	6.118	247.836	161.44	12.5366	2.1359	11.9756	0.1721	11.6706	6.1435	5.5271
BJX20NPKM9	BS	6.125	211.316	100.72	11.4565	2.1416	11.162	0.1835	14.9368	7.6874	7.2493
BCCCK1	BS	7.131	6.596	65.28	15.56151271	2.000167072	14.52771425	0.2943	8.3758	3.4855	4.8903
BCCCK2	BS	7.083	4.696	63.76	15.95791101	1.913094968	15.70559859	0.3052	8.082	3.5561	4.5259
BCCCK3	BS	7.325	5.716	75.6	15.98374128	2.071971446	15.64919353	0.2834	8.6696	3.4149	5.2546
BCCNPK1	BS	6.917	33.576	80.48	18.6465	2.1873	17.7605	0.3087	10.2378	5.0001	5.2376
BCCNPK2	BS	6.9331	30.056	116.96	16.8268	2.1868	15.1646	0.3043	9.6099	4.9043	4.7056
BCCNPK3	BS	6.716	21.876	106.56	16.1361	2.0623	16.46255	0.2829	8.2543	4.4335	3.8208
BCCNPKM1	BS	6.832	36.916	116.88	19.94373441	2.402956486	18.36146474	0.3365	10.8715	7.3565	3.5149
BCCNPKM2	BS	7.065	33.896	137.36	20.06857872	2.355003953	18.82640243	0.3007	11.8286	7.2478	4.5808
BCCNPKM3	BS	6.778	29.476	110.56	19.36313272	2.541974485	17.79501319	0.3067	11.4527	7.1532	4.2994
BHL20CK1	BS	7.019	4.056	74.4	29.7048	2.9016	28.6388	0.3379	8.1331	2.6587	5.4745
BHL20CK2	BS	7.023	5.776	66.64	31.0374	3.0924	29.9957	0.3162	8.1458	2.5677	5.5781
BHL20CK3	BS	6.951	2.996	75.44	31.0553	2.9306	31.6228	0.3214	10.6244	5.0125	5.6119
BHL20NPK1	BS	6.714	16.436	94.4	32.5438	3.1109	32.0403	0.3576	7.0218	3.1659	3.8559
BHL20NPK2	BS	6.567	14.856	72.56	29.9569	2.9863	28.3841	0.3467	6.8031	2.8834	3.9198
BHL20NPK3	BS	6.565	12.556	73.84	30.5559	2.9523	29.179	0.3377	10.1856	3.5218	6.6638
BHL20NPKM1	BS	6.436	29.456	85.68	35.489	3.4843	34.6469	0.375	14.63	3.762	10.868
BHL20NPKM2	BS	6.3	33.136	88.64	35.4925	3.2845	34.1959	0.354	16.3267	3.7791	12.5477
BHL20NPKM3	BS	6.473	31.976	112.72	36.0693	3.4481	35.5771	0.3869	13.0143	3.4563	9.5581
RQYCK1	RS	6.216	5.468	32.26	8.4889	1.6839	7.9905	0.2547	9.241	5.8188	3.4222
RQYCK2	RS	6.336	1.866	27.42	7.6883	1.6581	7.2099	0.269	8.4373	4.9541	3.4832
RQYCK3	RS	5.821	3.7	20.43	7.5395	1.8586	7.0737	0.233	8.4883	5.3498	3.1384
RQYCK4	RS	6.173	2.67	23.01	7.0475	1.7253	6.651	0.2699	8.461	5.0318	3.4292
RQYCK5	RS	5.991	7.054	18.28	7.1384	1.7527	6.8221	0.26	7.931	5.0164	2.9146
RQYCK6	RS	5.84	4.616	20.83	7.5437	1.7186	7.4752	0.2124	8.1051	4.9911	3.114
RQYCK7	RS	5.705	7.736	50.2	5.7596	1.7628	5.4486	0.2469	7.3374	4.7397	2.5977
RQYCK8	RS	6.113	5.326	22.21	6.9238	1.7291	6.6277	0.234	7.8403	4.7534	3.0869
RQYCK9	RS	5.804	5.186	19.61	7.4757	1.5195	7.1619	0.4585	11.3324	6.8027	4.5297
RQYNPK1	RS	5.801	72.74	78.49	11.2605	2.0403	10.4538	0.1978	7.54	4.4772	3.0628
RQYNPK2	RS	5.83	91.32	79.42	11.7276	2.1212	10.9656	0.2013	8.9971	5.0328	3.9643
RQYNPK3	RS	5.803	87.036	83.11	12.073	2.1461	11.3041	0.2229	9.5681	5.8356	3.7326
RQYNPK4	RS	5.554	120.172	68.3	11.322	2.1845	10.9381	0.168	8.2354	5.7628	2.4727
RQYNPK5	RS	5.506	106.704	84.58	10.1486	2.0087	9.4472	0.17	8.4624	4.6512	3.8111
RQYNPK6	RS	5.366	93.562	80.14	12.3708	2.2537	11.8262	0.191	10.1464	5.3735	4.7729
RQYNPK7	RS	4.914	83.146	76.26	12.2063	2.2599	11.8428	0.1751	6.612	3.765	2.847
RQYNPK8	RS	4.748	56.186	108	11.1546	2.0448	10.2922	0.1834	6.3934	3.1394	3.2541
RQYNPK9	RS	4.563	87.354	77.21	12.5756	2.1338	11.7415	0.2073	6.6368	3.0814	3.5554
RQYNPKM1	RS	5.95	201.586	278.56	16.6318	2.7283	16.109	0.2458	14.0491	4.027	10.0221
RQYNPKM2	RS	6.006	216.444	213.44	14.9947	2.4571	15.2724	0.2603	17.3341	4.38	12.9541
RQYNPKM3	RS	6.16	254.21	302.8	14.9142	2.4992	14.7179	0.2413	17.4276	3.5375	13.8901
RQYNPKM4	RS	6.04	199.85	299.84	17.6479	2.8273	17.2963	0.265	20.3428	4.3517	15.9912
RQYNPKM5	RS	5.937	196.752	217.44	12.9622	2.2237	12.3217	0.2281	16.704	4.4921	12.2119
RQYNPKM6	RS	6.117	223.198	248.8	17.7035	2.5591	17.3501	0.2424	20.8401	5.2751	15.565
RQYNPKM7	RS	6.144	207.458	231.76	15.5019	2.8221	15.2765	0.2476	16.7079	3.8206	12.8873
RQYNPKM8	RS	6.046	270.312	267.28	17.7013	2.7403	17.8967	0.2447	15.3653	4.236	11.1293
RQYNPKM9	RS	6.051	220.668	252.16	15.326	2.4846	15.1312	0.2484	16.5457	4.6246	11.9212
RYCCK1	RS	9.165	4.99	32	16.272	1.6009	6.0591	0.1644	5.634	1.8611	3.773
RYCCK2	RS	9.178	2.046	29.02	17.0039	1.5669	6.4539	0.1573	5.3602	1.8539	3.5063
RYCCK3	RS	9.215	1.45	24.27	16.4806	1.4808	5.7291	0.1571	4.9859	1.8131	3.1729
RYCCK4	RS	9.19	4.86	25.24	16.3169	1.4957	5.7626	0.152	5.3934	1.641	3.7524
RYCCK5	RS	9.235	5.158	27.15	16.8121	1.5573	6.5552	0.1503	5.3717	2.1667	3.2051
RYCCK6	RS	9.191	3.272	24.83	17.273	1.6192	6.752	0.1563	5.3025	1.7004	3.6021
RYCCK7	RS	9.073	3.668	30.9	17.5457	1.6359	6.969	0.1731	5.5656	1.9135	3.6521
RYCCK8	RS	9.241	3.586	27.55	16.6751	1.5632	6.4897	0.1722	5.6617	1.8495	3.8121
RYCCK9	RS	9.331	1.494	28.88	16.4804	1.5549	6.6843	0.1527	4.9776	1.6625	3.315
RYCNPK1	RS	8.823	13.29	44.89	17.9516	1.8447	9.2372	0.1718	10.5095	1.9375	8.572
RYCNPK2	RS	8.799	24.634	55.99	19.0128	1.9408	9.7975	0.1613	13.3186	1.8231	11.4955
RYCNPK3	RS	8.903	10.948	50.48	17.4233	1.804	7.9737	0.1702	13.148	1.9368	11.2112
RYCNPK4	RS	8.892	9.022	51.06	17.2518	1.6348	7.4016	0.1368	14.0808	1.7957	12.2851
RYCNPK5	RS	9.038	9.868	46.91	17.1702	1.5791	7.4014	0.1491	7.7163	2.2032	5.513
RYCNPK6	RS	8.782	7.824	47.47	17.8189	1.5864	8.152	0.1583	10.5095	1.9375	8.572
RYCNPK7	RS	8.978	6.766	54.87	17.5754	1.7967	6.7467	0.1513	8.0074	2.0693	5.938
RYCNPK8	RS	8.844	7.352	45.13	17.295	1.7607	8.0332	0.1545	6.786	1.7969	4.9891
RYCNPK9	RS	8.846	5.474	41.32	16.8807	1.6785	7.0227	0.1645	10.5095	1.9375	8.572
RYCNPKM1	RS	8.658	52.042	36.26	21.1207	2.0648	10.8081	0.1797	9.3292	1.8472	7.482
RYCNPKM2	RS	8.846	62.058	44.84	21.8191	1.9146	11.7511	0.1833	10.8237	1.4494	9.3743
RYCNPKM3	RS	8.777	43.558	42.22	21.7001	2.1387	11.6766	0.164	13.9456	1.9414	12.0042
RYCNPKM4	RS	8.598	34.142	55.29	22.4391	2.2161	13.6332	0.1799	10.7746	2.3978	8.3768
RYCNPKM5	RS	8.925	43.782	41.33	22.5653	2.179	13.4524	0.1876	12.22	3.0104	9.2096
RYCNPKM6	RS	8.729	49.044	45.56	22.2059	2.2457	13.0638	0.1866	15.1151	1.6655	13.4496
RYCNPKM7	RS	8.606	75.122	59.37	24.0559	2.413	13.9834	0.205	23.8423	2.3627	21.4795
RYCNPKM8	RS	8.829	64.306	52.41	22.6895	2.1513	13.8264	0.1945	19.3211	2.128	17.1931
RYCNPKM9	RS	8.691	52.838	37.93	22.6134	2.2748	13.0898	0.1957	12.2047	2.9478	9.2569
RYYCK2	RS	8.648	6.898	19	13.8219	1.4048	5.8396	0.1626	6.5544	2.5061	4.0483
RYYCK3	RS	8.695	3.75	23.47	13.995	1.3821	6.6161	0.1515	6.7	2.59	4.11
RYYCK4	RS	8.591	1.912	18.89	13.512	1.1708	5.6221	0.1517	5.7414	2.0805	3.6609
RYYCK5	RS	8.859	3.438	19.29	13.3053	1.3961	5.8976	0.1489	5.7005	2.2025	3.498
RYYCK6	RS	8.787	2.524	19.53	13.62	1.3906	6.0947	0.1567	6.8657	2.5369	4.3288
RYYCK7	RS	8.835	4.674	29.26	14.9235	1.4281	7.8031	0.1624	7.9315	2.6979	5.2336
RYYCK8	RS	8.827	3.126	18.66	13.6159	1.3468	5.5805	0.1689	7.0076	2.5166	4.491
RYYCK9	RS	8.84	3.254	19.78	12.9325	1.3793	5.0902	0.1489	6.9263	2.3021	4.6242
RYYNPK1	RS	8.356	19.702	59.53	13.7911	1.5767	6.9627	0.1348	12.3417	2.0749	10.2668
RYYNPK2	RS	8.394	12.11	41.7	14.7976	1.6465	6.9219	0.1594	24.9543	1.8185	23.1358
RYYNPK3	RS	8.438	15.514	45.32	14.7172	1.5903	6.52	0.1442	12.4811	1.8325	10.6485
RYYNPK4	RS	8.308	11.87	47.36	15.9235	1.5468	7.4061	0.1186	13.1379	1.5631	11.5748
RYYNPK5	RS	8.274	18.19	77.97	15.7494	1.6415	7.4397	0.1525	23.1796	1.9225	21.2571
RYYNPK6	RS	8.239	11.372	39.71	14.9155	1.7095	7.5585	0.1297	25.6237	1.7504	23.8733
RYYNPK7	RS	8.076	22.594	92.37	14.7213	1.5909	7.4643	0.1098	16.5502	1.4132	15.137
RYYNPK8	RS	8.287	11.712	65.28	15.4204	1.5624	7.247	0.1263	16.4413	1.4621	14.9792
RYYNPK9	RS	8.112	12.502	48.53	15.8194	1.5862	6.9982	0.1424	18.0887	1.7297	16.3591
RYYNPKM1	RS	8.149	31.112	70.3	17.23	1.652	9.1717	0.1549	16.1213	1.8281	14.2932
RYYNPKM2	RS	8.394	40.654	69.99	18.3021	1.9925	11.4129	0.1381	13.7209	1.7004	12.0205
RYYNPKM3	RS	8.112	41.374	64.49	19.159	2.0749	12.2116	0.1605	16.92677143	1.5784	15.34837143
RYYNPKM4	RS	8.317	39.188	66.14	16.928	1.7277	9.6919	0.1573	16.8665	2.1159	14.7506
RYYNPKM5	RS	8.351	36.406	76.63	16.797	1.8562	9.5737	0.1429	20.025	1.4833	18.5417
RYYNPKM6	RS	8.043	34.1	58.91	18.2647	1.9796	10.1638	0.1442	16.75507143	1.4067	15.34837143
RYYNPKM7	RS	8.24	46.668	77.89	18.4266	2.047	11.7369	0.1421	15.1544	1.6202	13.5342
RYYNPKM8	RS	8.35	35.27	55.15	17.6706	1.8604	8.9202	0.1294	18.168	1.4678	16.7002
RYYNPKM9	RS	8.215	34.498	66.83	18.7362	2.0614	11.2059	0.1475	19.3689	1.7708	17.5982
RCCSCK1	RS	7.131	6.596	65.28	15.56151271	2.000167072	14.52771425	0.2943	8.3758	3.4855	4.8903
RCCSCK2	RS	7.083	4.696	63.76	15.95791101	1.913094968	15.70559859	0.3052	8.082	3.5561	4.5259
RCCSCK3	RS	7.325	5.716	75.6	15.98374128	2.071971446	15.64919353	0.2834	8.6696	3.4149	5.2546
RCCSNPK1	RS	6.917	33.576	80.48	18.6465	2.1873	17.7605	0.3087	10.2378	5.0001	5.2376
RCCSNPK2	RS	6.9331	30.056	116.96	16.8268	2.1868	15.1646	0.3043	9.6099	4.9043	4.7056
RCCSNPK3	RS	6.716	21.876	106.56	16.1361	2.0623	16.46255	0.2829	8.2543	4.4335	3.8208
RCCSNPKM1	RS	6.832	36.916	116.88	19.94373441	2.402956486	18.36146474	0.3365	10.8715	7.3565	3.5149
RCCSNPKM2	RS	7.065	33.896	137.36	20.06857872	2.355003953	18.82640243	0.3007	11.8286	7.2478	4.5808
RCCSNPKM3	RS	6.778	29.476	110.56	19.36313272	2.541974485	17.79501319	0.3067	11.4527	7.1532	4.2994
RCCLCK1	RS	7.131	6.596	65.28	15.56151271	2.000167072	14.52771425	0.2943	8.3758	3.4855	4.8903
RCCLCK2	RS	7.083	4.696	63.76	15.95791101	1.913094968	15.70559859	0.3052	8.082	3.5561	4.5259
RCCLCK3	RS	7.325	5.716	75.6	15.98374128	2.071971446	15.64919353	0.2834	8.6696	3.4149	5.2546
RCCLNPK1	RS	6.917	33.576	80.48	18.6465	2.1873	17.7605	0.3087	10.2378	5.0001	5.2376
RCCLNPK2	RS	6.9331	30.056	116.96	16.8268	2.1868	15.1646	0.3043	9.6099	4.9043	4.7056
RCCLNPK3	RS	6.716	21.876	106.56	16.1361	2.0623	16.46255	0.2829	8.2543	4.4335	3.8208
RCCLNPKM1	RS	6.832	36.916	116.88	19.94373441	2.402956486	18.36146474	0.3365	10.8715	7.3565	3.5149
RCCLNPKM2	RS	7.065	33.896	137.36	20.06857872	2.355003953	18.82640243	0.3007	11.8286	7.2478	4.5808
RCCLNPKM3	RS	6.778	29.476	110.56	19.36313272	2.541974485	17.79501319	0.3067	11.4527	7.1532	4.2994
RJX20CK1	RS	5.735	14.336	34.27	7.0687	1.617	6.9519	0.1761	4.9268	2.7888	2.138
RJX20CK2	RS	5.614	15.216	41.35	8.3376	1.8743	8.0024	0.1805	5.3816	3.0752	2.3064
RJX20CK3	RS	5.594	10.036	39.92	7.8155	1.8755	7.7785	0.1711	5.1915	2.9651	2.2264
RJX20CK4	RS	5.539	11.776	40.26	7.4146	1.8407	7.2033	0.1627	5.246	3.0339	2.212
RJX20CK5	RS	5.446	7.796	38.43	7.2333	1.8981	6.7017	0.1793	5.1863	2.9147	2.2716
RJX20CK6	RS	5.384	10.136	33.32	6.9924	1.6751	6.5358	0.1627	4.9717	2.8917	2.08
RJX20CK7	RS	5.469	9.756	36.11	7.5942	1.6698	7.6056	0.1676	5.0961	2.931	2.1651
RJX20CK8	RS	5.451	13.596	60.17	7.3907	1.8322	7.2224	0.1816	5.2022	2.674	2.5283
RJX20CK9	RS	5.43	10.596	36.34	7.9591	1.867	7.3668	0.1756	4.9025	2.5596	2.3429
RJX20NPK1	RS	5.258	16.196	85.7	8.6015	1.8237	8.1616	0.1889	6.1045	3.2361	2.8684
RJX20NPK2	RS	5.026	32.036	77.57	9.0216	1.9006	8.8479	0.1706	5.6107	3.0209	2.5898
RJX20NPK3	RS	4.779	16.736	79.45	8.5818	1.9859	8.2752	0.1902	5.7156	2.8315	2.8841
RJX20NPK4	RS	5.033	10.816	73.12	8.2188	1.9037	7.5766	0.1739	5.6228	3.0174	2.6055
RJX20NPK5	RS	4.743	14.276	96.74	8.3264	1.8326	8.3829	0.1578	4.8896	2.6414	2.2482
RJX20NPK6	RS	4.832	12.796	64.49	8.1231	1.8979	7.925	0.1684	5.3569	2.9647	2.3922
RJX20NPK7	RS	4.759	15.636	88.66	8.2586	1.7107	7.8464	0.1738	6.4872	3.6246	2.8626
RJX20NPK8	RS	4.832	11.596	104.9	8.3618	1.7172	7.7409	0.1603	5.4322	2.9133	2.5188
RJX20NPK9	RS	4.782	15.676	89.23	8.5205	1.5757	8.0266	0.1511	5.2769	2.9383	2.3386
RJX20NPKM1	RS	5.4	200.416	143.36	10.0841	2.0028	9.989	0.1809	20.4667	12.8683	7.5983
RJX20NPKM2	RS	5.904	196.496	154.48	11.415	2.0323	11.1223	0.1826	10.7306	4.3235	6.4071
RJX20NPKM3	RS	5.872	216.816	91.04	10.8004	1.9942	10.4249	0.1556	9.9229	4.5442	5.3787
RJX20NPKM4	RS	5.831	196.716	105.84	10.5789	2.1603	10.6716	0.1502	10.9913	6.9981	3.9932
RJX20NPKM5	RS	5.864	221.036	160.24	11.748	2.1223	11.6949	0.1543	11.8626	5.7908	6.0718
RJX20NPKM8	RS	6.118	247.836	161.44	12.5366	2.1359	11.9756	0.1721	11.6706	6.1435	5.5271
RJX20NPKM9	RS	6.125	211.316	100.72	11.4565	2.1416	11.162	0.1835	14.9368	7.6874	7.2493
RHL20SCK1	RS	6.118	247.836	161.44	12.5366	2.1359	11.9756	0.1721	11.6706	6.1435	5.5271
RHL20SCK2	RS	6.125	211.316	100.72	11.4565	2.1416	11.162	0.1835	14.9368	7.6874	7.2493
RHL20SCK3	RS	6.951	2.996	75.44	31.0553	2.9306	31.6228	0.3214	10.6244	5.0125	5.6119
RHL20SNPK1	RS	6.714	16.436	94.4	32.5438	3.1109	32.0403	0.3576	7.0218	3.1659	3.8559
RHL20SNPK2	RS	6.567	14.856	72.56	29.9569	2.9863	28.3841	0.3467	6.8031	2.8834	3.9198
RHL20SNPK3	RS	6.565	12.556	73.84	30.5559	2.9523	29.179	0.3377	10.1856	3.5218	6.6638
RHL20SNPKM1	RS	6.436	29.456	85.68	35.489	3.4843	34.6469	0.375	14.63	3.762	10.868
RHL20SNPKM2	RS	6.3	33.136	88.64	35.4925	3.2845	34.1959	0.354	16.3267	3.7791	12.5477
RHL20SNPKM3	RS	6.473	31.976	112.72	36.0693	3.4481	35.5771	0.3869	13.0143	3.4563	9.5581
RHL20LCK1	RS	7.019	4.056	74.4	29.7048	2.9016	28.6388	0.3379	8.1331	2.6587	5.4745
RHL20LCK2	RS	7.023	5.776	66.64	31.0374	3.0924	29.9957	0.3162	8.1458	2.5677	5.5781
RHL20LCK3	RS	6.951	2.996	75.44	31.0553	2.9306	31.6228	0.3214	10.6244	5.0125	5.6119
RHL20LNPK1	RS	6.714	16.436	94.4	32.5438	3.1109	32.0403	0.3576	7.0218	3.1659	3.8559
RHL20LNPK2	RS	6.567	14.856	72.56	29.9569	2.9863	28.3841	0.3467	6.8031	2.8834	3.9198
RHL20LNPK3	RS	6.565	12.556	73.84	30.5559	2.9523	29.179	0.3377	10.1856	3.5218	6.6638
RHL20LNPKM1	RS	6.436	29.456	85.68	35.489	3.4843	34.6469	0.375	14.63	3.762	10.868
RHL20LNPKM2	RS	6.3	33.136	88.64	35.4925	3.2845	34.1959	0.354	16.3267	3.7791	12.5477
RHL20LNPKM3	RS	6.473	31.976	112.72	36.0693	3.4481	35.5771	0.3869	13.0143	3.4563	9.5581
REQYCK1	RE	6.216	5.468	32.26	8.4889	1.6839	7.9905	0.2547	9.241	5.8188	3.4222
REQYCK2	RE	6.336	1.866	27.42	7.6883	1.6581	7.2099	0.269	8.4373	4.9541	3.4832
REQYCK3	RE	5.821	3.7	20.43	7.5395	1.8586	7.0737	0.233	8.4883	5.3498	3.1384
REQYCK4	RE	6.173	2.67	23.01	7.0475	1.7253	6.651	0.2699	8.461	5.0318	3.4292
REQYCK5	RE	5.991	7.054	18.28	7.1384	1.7527	6.8221	0.26	7.931	5.0164	2.9146
REQYCK6	RE	5.84	4.616	20.83	7.5437	1.7186	7.4752	0.2124	8.1051	4.9911	3.114
REQYCK7	RE	5.705	7.736	50.2	5.7596	1.7628	5.4486	0.2469	7.3374	4.7397	2.5977
REQYCK8	RE	6.113	5.326	22.21	6.9238	1.7291	6.6277	0.234	7.8403	4.7534	3.0869
REQYCK9	RE	5.804	5.186	19.61	7.4757	1.5195	7.1619	0.4585	11.3324	6.8027	4.5297
REQYNPK1	RE	5.801	72.74	78.49	11.2605	2.0403	10.4538	0.1978	7.54	4.4772	3.0628
REQYNPK2	RE	5.83	91.32	79.42	11.7276	2.1212	10.9656	0.2013	8.9971	5.0328	3.9643
REQYNPK3	RE	5.803	87.036	83.11	12.073	2.1461	11.3041	0.2229	9.5681	5.8356	3.7326
REQYNPK4	RE	5.554	120.172	68.3	11.322	2.1845	10.9381	0.168	8.2354	5.7628	2.4727
REQYNPK5	RE	5.506	106.704	84.58	10.1486	2.0087	9.4472	0.17	8.4624	4.6512	3.8111
REQYNPK6	RE	5.366	93.562	80.14	12.3708	2.2537	11.8262	0.191	10.1464	5.3735	4.7729
REQYNPK7	RE	4.914	83.146	76.26	12.2063	2.2599	11.8428	0.1751	6.612	3.765	2.847
REQYNPK8	RE	4.748	56.186	108	11.1546	2.0448	10.2922	0.1834	6.3934	3.1394	3.2541
REQYNPK9	RE	4.563	87.354	77.21	12.5756	2.1338	11.7415	0.2073	6.6368	3.0814	3.5554
REQYNPKM1	RE	5.95	201.586	278.56	16.6318	2.7283	16.109	0.2458	14.0491	4.027	10.0221
REQYNPKM2	RE	6.006	216.444	213.44	14.9947	2.4571	15.2724	0.2603	17.3341	4.38	12.9541
REQYNPKM3	RE	6.16	254.21	302.8	14.9142	2.4992	14.7179	0.2413	17.4276	3.5375	13.8901
REQYNPKM4	RE	6.04	199.85	299.84	17.6479	2.8273	17.2963	0.265	20.3428	4.3517	15.9912
REQYNPKM5	RE	5.937	196.752	217.44	12.9622	2.2237	12.3217	0.2281	16.704	4.4921	12.2119
REQYNPKM6	RE	6.117	223.198	248.8	17.7035	2.5591	17.3501	0.2424	20.8401	5.2751	15.565
REQYNPKM7	RE	6.144	207.458	231.76	15.5019	2.8221	15.2765	0.2476	16.7079	3.8206	12.8873
REQYNPKM8	RE	6.046	270.312	267.28	17.7013	2.7403	17.8967	0.2447	15.3653	4.236	11.1293
REQYNPKM9	RE	6.051	220.668	252.16	15.326	2.4846	15.1312	0.2484	16.5457	4.6246	11.9212
REYCCK1	RE	9.165	4.99	32	16.272	1.6009	6.0591	0.1644	5.634	1.8611	3.773
REYCCK2	RE	9.178	2.046	29.02	17.0039	1.5669	6.4539	0.1573	5.3602	1.8539	3.5063
REYCCK3	RE	9.215	1.45	24.27	16.4806	1.4808	5.7291	0.1571	4.9859	1.8131	3.1729
REYCCK4	RE	9.19	4.86	25.24	16.3169	1.4957	5.7626	0.152	5.3934	1.641	3.7524
REYCCK5	RE	9.235	5.158	27.15	16.8121	1.5573	6.5552	0.1503	5.3717	2.1667	3.2051
REYCCK6	RE	9.191	3.272	24.83	17.273	1.6192	6.752	0.1563	5.3025	1.7004	3.6021
REYCCK7	RE	9.073	3.668	30.9	17.5457	1.6359	6.969	0.1731	5.5656	1.9135	3.6521
REYCCK8	RE	9.241	3.586	27.55	16.6751	1.5632	6.4897	0.1722	5.6617	1.8495	3.8121
REYCCK9	RE	9.331	1.494	28.88	16.4804	1.5549	6.6843	0.1527	4.9776	1.6625	3.315
REYCNPK1	RE	8.823	13.29	44.89	17.9516	1.8447	9.2372	0.1718	10.5095	1.9375	8.572
REYCNPK2	RE	8.799	24.634	55.99	19.0128	1.9408	9.7975	0.1613	13.3186	1.8231	11.4955
REYCNPK3	RE	8.903	10.948	50.48	17.4233	1.804	7.9737	0.1702	13.148	1.9368	11.2112
REYCNPK4	RE	8.892	9.022	51.06	17.2518	1.6348	7.4016	0.1368	14.0808	1.7957	12.2851
REYCNPK5	RE	9.038	9.868	46.91	17.1702	1.5791	7.4014	0.1491	7.7163	2.2032	5.513
REYCNPK6	RE	8.782	7.824	47.47	17.8189	1.5864	8.152	0.1583	10.5095	1.9375	8.572
REYCNPK7	RE	8.978	6.766	54.87	17.5754	1.7967	6.7467	0.1513	8.0074	2.0693	5.938
REYCNPK8	RE	8.844	7.352	45.13	17.295	1.7607	8.0332	0.1545	6.786	1.7969	4.9891
REYCNPK9	RE	8.846	5.474	41.32	16.8807	1.6785	7.0227	0.1645	10.5095	1.9375	8.572
REYCNPKM1	RE	8.658	52.042	36.26	21.1207	2.0648	10.8081	0.1797	9.3292	1.8472	7.482
REYCNPKM2	RE	8.846	62.058	44.84	21.8191	1.9146	11.7511	0.1833	10.8237	1.4494	9.3743
REYCNPKM3	RE	8.777	43.558	42.22	21.7001	2.1387	11.6766	0.164	13.9456	1.9414	12.0042
REYCNPKM4	RE	8.598	34.142	55.29	22.4391	2.2161	13.6332	0.1799	10.7746	2.3978	8.3768
REYCNPKM5	RE	8.925	43.782	41.33	22.5653	2.179	13.4524	0.1876	12.22	3.0104	9.2096
REYCNPKM6	RE	8.729	49.044	45.56	22.2059	2.2457	13.0638	0.1866	15.1151	1.6655	13.4496
REYCNPKM7	RE	8.606	75.122	59.37	24.0559	2.413	13.9834	0.205	23.8423	2.3627	21.4795
REYCNPKM8	RE	8.829	64.306	52.41	22.6895	2.1513	13.8264	0.1945	19.3211	2.128	17.1931
REYCNPKM9	RE	8.691	52.838	37.93	22.6134	2.2748	13.0898	0.1957	12.2047	2.9478	9.2569
REYYCK1	RE	8.636	4.518	23.97	13.8788	1.453	5.8613	0.1718	7.0855	2.6802	4.4053
REYYCK2	RE	8.648	6.898	19	13.8219	1.4048	5.8396	0.1626	6.5544	2.5061	4.0483
REYYCK3	RE	8.695	3.75	23.47	13.995	1.3821	6.6161	0.1515	6.7	2.59	4.11
REYYCK4	RE	8.591	1.912	18.89	13.512	1.1708	5.6221	0.1517	5.7414	2.0805	3.6609
REYYCK5	RE	8.859	3.438	19.29	13.3053	1.3961	5.8976	0.1489	5.7005	2.2025	3.498
REYYCK6	RE	8.787	2.524	19.53	13.62	1.3906	6.0947	0.1567	6.8657	2.5369	4.3288
REYYCK7	RE	8.835	4.674	29.26	14.9235	1.4281	7.8031	0.1624	7.9315	2.6979	5.2336
REYYCK8	RE	8.827	3.126	18.66	13.6159	1.3468	5.5805	0.1689	7.0076	2.5166	4.491
REYYCK9	RE	8.84	3.254	19.78	12.9325	1.3793	5.0902	0.1489	6.9263	2.3021	4.6242
REYYNPK1	RE	8.356	19.702	59.53	13.7911	1.5767	6.9627	0.1348	12.3417	2.0749	10.2668
REYYNPK2	RE	8.394	12.11	41.7	14.7976	1.6465	6.9219	0.1594	24.9543	1.8185	23.1358
REYYNPK3	RE	8.438	15.514	45.32	14.7172	1.5903	6.52	0.1442	12.4811	1.8325	10.6485
REYYNPK4	RE	8.308	11.87	47.36	15.9235	1.5468	7.4061	0.1186	13.1379	1.5631	11.5748
REYYNPK5	RE	8.274	18.19	77.97	15.7494	1.6415	7.4397	0.1525	23.1796	1.9225	21.2571
REYYNPK6	RE	8.239	11.372	39.71	14.9155	1.7095	7.5585	0.1297	25.6237	1.7504	23.8733
REYYNPK7	RE	8.076	22.594	92.37	14.7213	1.5909	7.4643	0.1098	16.5502	1.4132	15.137
REYYNPK8	RE	8.287	11.712	65.28	15.4204	1.5624	7.247	0.1263	16.4413	1.4621	14.9792
REYYNPK9	RE	8.112	12.502	48.53	15.8194	1.5862	6.9982	0.1424	18.0887	1.7297	16.3591
REYYNPKM1	RE	8.149	31.112	70.3	17.23	1.652	9.1717	0.1549	16.1213	1.8281	14.2932
REYYNPKM2	RE	8.394	40.654	69.99	18.3021	1.9925	11.4129	0.1381	13.7209	1.7004	12.0205
REYYNPKM3	RE	8.112	41.374	64.49	19.159	2.0749	12.2116	0.1605	16.92677143	1.5784	15.34837143
REYYNPKM4	RE	8.317	39.188	66.14	16.928	1.7277	9.6919	0.1573	16.8665	2.1159	14.7506
REYYNPKM5	RE	8.351	36.406	76.63	16.797	1.8562	9.5737	0.1429	20.025	1.4833	18.5417
REYYNPKM6	RE	8.043	34.1	58.91	18.2647	1.9796	10.1638	0.1442	16.75507143	1.4067	15.34837143
REYYNPKM7	RE	8.24	46.668	77.89	18.4266	2.047	11.7369	0.1421	15.1544	1.6202	13.5342
REYYNPKM8	RE	8.35	35.27	55.15	17.6706	1.8604	8.9202	0.1294	18.168	1.4678	16.7002
REYYNPKM9	RE	8.215	34.498	66.83	18.7362	2.0614	11.2059	0.1475	19.3689	1.7708	17.5982
RECCSCK1	RE	7.131	6.596	65.28	15.56151271	2.000167072	14.52771425	0.2943	8.3758	3.4855	4.8903
RECCSCK2	RE	7.083	4.696	63.76	15.95791101	1.913094968	15.70559859	0.3052	8.082	3.5561	4.5259
RECCSCK3	RE	7.325	5.716	75.6	15.98374128	2.071971446	15.64919353	0.2834	8.6696	3.4149	5.2546
RECCSNPK1	RE	6.917	33.576	80.48	18.6465	2.1873	17.7605	0.3087	10.2378	5.0001	5.2376
RECCSNPK2	RE	6.9331	30.056	116.96	16.8268	2.1868	15.1646	0.3043	9.6099	4.9043	4.7056
RECCSNPK3	RE	6.716	21.876	106.56	16.1361	2.0623	16.46255	0.2829	8.2543	4.4335	3.8208
RECCSNPKM1	RE	6.832	36.916	116.88	19.94373441	2.402956486	18.36146474	0.3365	10.8715	7.3565	3.5149
RECCSNPKM2	RE	7.065	33.896	137.36	20.06857872	2.355003953	18.82640243	0.3007	11.8286	7.2478	4.5808
RECCSNPKM3	RE	6.778	29.476	110.56	19.36313272	2.541974485	17.79501319	0.3067	11.4527	7.1532	4.2994
RECCLCK1	RE	7.131	6.596	65.28	15.56151271	2.000167072	14.52771425	0.2943	8.3758	3.4855	4.8903
RECCLCK2	RE	7.083	4.696	63.76	15.95791101	1.913094968	15.70559859	0.3052	8.082	3.5561	4.5259
RECCLCK3	RE	7.325	5.716	75.6	15.98374128	2.071971446	15.64919353	0.2834	8.6696	3.4149	5.2546
RECCLNPK1	RE	6.917	33.576	80.48	18.6465	2.1873	17.7605	0.3087	10.2378	5.0001	5.2376
RECCLNPK2	RE	6.9331	30.056	116.96	16.8268	2.1868	15.1646	0.3043	9.6099	4.9043	4.7056
RECCLNPK3	RE	6.716	21.876	106.56	16.1361	2.0623	16.46255	0.2829	8.2543	4.4335	3.8208
RECCLNPKM1	RE	6.832	36.916	116.88	19.94373441	2.402956486	18.36146474	0.3365	10.8715	7.3565	3.5149
RECCLNPKM2	RE	7.065	33.896	137.36	20.06857872	2.355003953	18.82640243	0.3007	11.8286	7.2478	4.5808
RECCLNPKM3	RE	6.778	29.476	110.56	19.36313272	2.541974485	17.79501319	0.3067	11.4527	7.1532	4.2994
REJX20CK1	RE	5.735	14.336	34.27	7.0687	1.617	6.9519	0.1761	4.9268	2.7888	2.138
REJX20CK2	RE	5.614	15.216	41.35	8.3376	1.8743	8.0024	0.1805	5.3816	3.0752	2.3064
REJX20CK3	RE	5.594	10.036	39.92	7.8155	1.8755	7.7785	0.1711	5.1915	2.9651	2.2264
REJX20CK4	RE	5.539	11.776	40.26	7.4146	1.8407	7.2033	0.1627	5.246	3.0339	2.212
REJX20CK5	RE	5.446	7.796	38.43	7.2333	1.8981	6.7017	0.1793	5.1863	2.9147	2.2716
REJX20CK6	RE	5.384	10.136	33.32	6.9924	1.6751	6.5358	0.1627	4.9717	2.8917	2.08
REJX20CK7	RE	5.469	9.756	36.11	7.5942	1.6698	7.6056	0.1676	5.0961	2.931	2.1651
REJX20CK8	RE	5.451	13.596	60.17	7.3907	1.8322	7.2224	0.1816	5.2022	2.674	2.5283
REJX20CK9	RE	5.43	10.596	36.34	7.9591	1.867	7.3668	0.1756	4.9025	2.5596	2.3429
REJX20NPK1	RE	5.258	16.196	85.7	8.6015	1.8237	8.1616	0.1889	6.1045	3.2361	2.8684
REJX20NPK2	RE	5.026	32.036	77.57	9.0216	1.9006	8.8479	0.1706	5.6107	3.0209	2.5898
REJX20NPK3	RE	4.779	16.736	79.45	8.5818	1.9859	8.2752	0.1902	5.7156	2.8315	2.8841
REJX20NPK4	RE	5.033	10.816	73.12	8.2188	1.9037	7.5766	0.1739	5.6228	3.0174	2.6055
REJX20NPK5	RE	4.743	14.276	96.74	8.3264	1.8326	8.3829	0.1578	4.8896	2.6414	2.2482
REJX20NPK6	RE	4.832	12.796	64.49	8.1231	1.8979	7.925	0.1684	5.3569	2.9647	2.3922
REJX20NPK7	RE	4.759	15.636	88.66	8.2586	1.7107	7.8464	0.1738	6.4872	3.6246	2.8626
REJX20NPK8	RE	4.832	11.596	104.9	8.3618	1.7172	7.7409	0.1603	5.4322	2.9133	2.5188
REJX20NPK9	RE	4.782	15.676	89.23	8.5205	1.5757	8.0266	0.1511	5.2769	2.9383	2.3386
REJX20NPKM1	RE	5.4	200.416	143.36	10.0841	2.0028	9.989	0.1809	20.4667	12.8683	7.5983
REJX20NPKM2	RE	5.904	196.496	154.48	11.415	2.0323	11.1223	0.1826	10.7306	4.3235	6.4071
REJX20NPKM3	RE	5.872	216.816	91.04	10.8004	1.9942	10.4249	0.1556	9.9229	4.5442	5.3787
REJX20NPKM4	RE	5.831	196.716	105.84	10.5789	2.1603	10.6716	0.1502	10.9913	6.9981	3.9932
REJX20NPKM5	RE	5.864	221.036	160.24	11.748	2.1223	11.6949	0.1543	11.8626	5.7908	6.0718
REJX20NPKM6	RE	5.903	209.256	96.88	10.3558	2.0877	10.3498	0.1639	10.6512	7.9884	2.6628
REJX20NPKM8	RE	6.118	247.836	161.44	12.5366	2.1359	11.9756	0.1721	11.6706	6.1435	5.5271
REJX20NPKM9	RE	6.125	211.316	100.72	11.4565	2.1416	11.162	0.1835	14.9368	7.6874	7.2493
REHL20SCK1	RE	7.019	4.056	74.4	29.7048	2.9016	28.6388	0.3379	8.1331	2.6587	5.4745
REHL20SCK2	RE	7.023	5.776	66.64	31.0374	3.0924	29.9957	0.3162	8.1458	2.5677	5.5781
REHL20SCK3	RE	6.951	2.996	75.44	31.0553	2.9306	31.6228	0.3214	10.6244	5.0125	5.6119
REHL20SNPK1	RE	6.714	16.436	94.4	32.5438	3.1109	32.0403	0.3576	7.0218	3.1659	3.8559
REHL20SNPK2	RE	6.567	14.856	72.56	29.9569	2.9863	28.3841	0.3467	6.8031	2.8834	3.9198
REHL20SNPK3	RE	6.565	12.556	73.84	30.5559	2.9523	29.179	0.3377	10.1856	3.5218	6.6638
REHL20SNPKM1	RE	6.436	29.456	85.68	35.489	3.4843	34.6469	0.375	14.63	3.762	10.868
REHL20SNPKM2	RE	6.3	33.136	88.64	35.4925	3.2845	34.1959	0.354	16.3267	3.7791	12.5477
REHL20SNPKM3	RE	6.473	31.976	112.72	36.0693	3.4481	35.5771	0.3869	13.0143	3.4563	9.5581
REHL20LNPK1	RE	6.714	16.436	94.4	32.5438	3.1109	32.0403	0.3576	7.0218	3.1659	3.8559
REHL20LNPK2	RE	6.567	14.856	72.56	29.9569	2.9863	28.3841	0.3467	6.8031	2.8834	3.9198
REHL20LNPKM1	RE	6.436	29.456	85.68	35.489	3.4843	34.6469	0.375	14.63	3.762	10.868
REHL20LNPKM2	RE	6.3	33.136	88.64	35.4925	3.2845	34.1959	0.354	16.3267	3.7791	12.5477
XEQYCK1	VE	6.216	5.468	32.26	8.4889	1.6839	7.9905	0.2547	9.241	5.8188	3.4222
XEQYCK4	VE	6.173	2.67	23.01	7.0475	1.7253	6.651	0.2699	8.461	5.0318	3.4292
XEQYCK5	VE	5.991	7.054	18.28	7.1384	1.7527	6.8221	0.26	7.931	5.0164	2.9146
XEQYCK6	VE	5.84	4.616	20.83	7.5437	1.7186	7.4752	0.2124	8.1051	4.9911	3.114
XEQYCK7	VE	5.705	7.736	50.2	5.7596	1.7628	5.4486	0.2469	7.3374	4.7397	2.5977
XEQYCK8	VE	6.113	5.326	22.21	6.9238	1.7291	6.6277	0.234	7.8403	4.7534	3.0869
XEQYCK9	VE	5.804	5.186	19.61	7.4757	1.5195	7.1619	0.4585	11.3324	6.8027	4.5297
XEQYNPK1	VE	5.801	72.74	78.49	11.2605	2.0403	10.4538	0.1978	7.54	4.4772	3.0628
XEQYNPK2	VE	5.83	91.32	79.42	11.7276	2.1212	10.9656	0.2013	8.9971	5.0328	3.9643
XEQYNPK4	VE	5.554	120.172	68.3	11.322	2.1845	10.9381	0.168	8.2354	5.7628	2.4727
XEQYNPK6	VE	5.366	93.562	80.14	12.3708	2.2537	11.8262	0.191	10.1464	5.3735	4.7729
XEQYNPK7	VE	4.914	83.146	76.26	12.2063	2.2599	11.8428	0.1751	6.612	3.765	2.847
XEQYNPK8	VE	4.748	56.186	108	11.1546	2.0448	10.2922	0.1834	6.3934	3.1394	3.2541
XEQYNPK9	VE	4.563	87.354	77.21	12.5756	2.1338	11.7415	0.2073	6.6368	3.0814	3.5554
XEQYNPKM1	VE	5.95	201.586	278.56	16.6318	2.7283	16.109	0.2458	14.0491	4.027	10.0221
XEQYNPKM2	VE	6.006	216.444	213.44	14.9947	2.4571	15.2724	0.2603	17.3341	4.38	12.9541
XEQYNPKM3	VE	6.16	254.21	302.8	14.9142	2.4992	14.7179	0.2413	17.4276	3.5375	13.8901
XEQYNPKM4	VE	6.04	199.85	299.84	17.6479	2.8273	17.2963	0.265	20.3428	4.3517	15.9912
XEQYNPKM5	VE	5.937	196.752	217.44	12.9622	2.2237	12.3217	0.2281	16.704	4.4921	12.2119
XEQYNPKM6	VE	6.117	223.198	248.8	17.7035	2.5591	17.3501	0.2424	20.8401	5.2751	15.565
XEQYNPKM7	VE	6.144	207.458	231.76	15.5019	2.8221	15.2765	0.2476	16.7079	3.8206	12.8873
XEQYNPKM8	VE	6.046	270.312	267.28	17.7013	2.7403	17.8967	0.2447	15.3653	4.236	11.1293
XEQYNPKM9	VE	6.051	220.668	252.16	15.326	2.4846	15.1312	0.2484	16.5457	4.6246	11.9212
XEYCCK1	VE	9.165	4.99	32	16.272	1.6009	6.0591	0.1644	5.634	1.8611	3.773
XEYCCK2	VE	9.178	2.046	29.02	17.0039	1.5669	6.4539	0.1573	5.3602	1.8539	3.5063
XEYCCK3	VE	9.215	1.45	24.27	16.4806	1.4808	5.7291	0.1571	4.9859	1.8131	3.1729
XEYCCK4	VE	9.19	4.86	25.24	16.3169	1.4957	5.7626	0.152	5.3934	1.641	3.7524
XEYCCK5	VE	9.235	5.158	27.15	16.8121	1.5573	6.5552	0.1503	5.3717	2.1667	3.2051
XEYCCK6	VE	9.191	3.272	24.83	17.273	1.6192	6.752	0.1563	5.3025	1.7004	3.6021
XEYCCK7	VE	9.073	3.668	30.9	17.5457	1.6359	6.969	0.1731	5.5656	1.9135	3.6521
XEYCCK8	VE	9.241	3.586	27.55	16.6751	1.5632	6.4897	0.1722	5.6617	1.8495	3.8121
XEYCCK9	VE	9.331	1.494	28.88	16.4804	1.5549	6.6843	0.1527	4.9776	1.6625	3.315
XEYCNPK1	VE	8.823	13.29	44.89	17.9516	1.8447	9.2372	0.1718	10.5095	1.9375	8.572
XEYCNPK2	VE	8.799	24.634	55.99	19.0128	1.9408	9.7975	0.1613	13.3186	1.8231	11.4955
XEYCNPK3	VE	8.903	10.948	50.48	17.4233	1.804	7.9737	0.1702	13.148	1.9368	11.2112
XEYCNPK4	VE	8.892	9.022	51.06	17.2518	1.6348	7.4016	0.1368	14.0808	1.7957	12.2851
XEYCNPK5	VE	9.038	9.868	46.91	17.1702	1.5791	7.4014	0.1491	7.7163	2.2032	5.513
XEYCNPK6	VE	8.782	7.824	47.47	17.8189	1.5864	8.152	0.1583	10.5095	1.9375	8.572
XEYCNPK7	VE	8.978	6.766	54.87	17.5754	1.7967	6.7467	0.1513	8.0074	2.0693	5.938
XEYCNPK8	VE	8.844	7.352	45.13	17.295	1.7607	8.0332	0.1545	6.786	1.7969	4.9891
XEYCNPK9	VE	8.846	5.474	41.32	16.8807	1.6785	7.0227	0.1645	10.5095	1.9375	8.572
XEYCNPKM1	VE	8.658	52.042	36.26	21.1207	2.0648	10.8081	0.1797	9.3292	1.8472	7.482
XEYCNPKM2	VE	8.846	62.058	44.84	21.8191	1.9146	11.7511	0.1833	10.8237	1.4494	9.3743
XEYCNPKM3	VE	8.777	43.558	42.22	21.7001	2.1387	11.6766	0.164	13.9456	1.9414	12.0042
XEYCNPKM4	VE	8.598	34.142	55.29	22.4391	2.2161	13.6332	0.1799	10.7746	2.3978	8.3768
XEYCNPKM5	VE	8.925	43.782	41.33	22.5653	2.179	13.4524	0.1876	12.22	3.0104	9.2096
XEYCNPKM6	VE	8.729	49.044	45.56	22.2059	2.2457	13.0638	0.1866	15.1151	1.6655	13.4496
XEYCNPKM7	VE	8.606	75.122	59.37	24.0559	2.413	13.9834	0.205	23.8423	2.3627	21.4795
XEYCNPKM8	VE	8.829	64.306	52.41	22.6895	2.1513	13.8264	0.1945	19.3211	2.128	17.1931
XEYCNPKM9	VE	8.691	52.838	37.93	22.6134	2.2748	13.0898	0.1957	12.2047	2.9478	9.2569
XEYYCK1	VE	8.636	4.518	23.97	13.8788	1.453	5.8613	0.1718	7.0855	2.6802	4.4053
XEYYCK2	VE	8.648	6.898	19	13.8219	1.4048	5.8396	0.1626	6.5544	2.5061	4.0483
XEYYCK4	VE	8.591	1.912	18.89	13.512	1.1708	5.6221	0.1517	5.7414	2.0805	3.6609
XEYYCK5	VE	8.859	3.438	19.29	13.3053	1.3961	5.8976	0.1489	5.7005	2.2025	3.498
XEYYCK6	VE	8.787	2.524	19.53	13.62	1.3906	6.0947	0.1567	6.8657	2.5369	4.3288
XEYYCK7	VE	8.835	4.674	29.26	14.9235	1.4281	7.8031	0.1624	7.9315	2.6979	5.2336
XEYYCK8	VE	8.827	3.126	18.66	13.6159	1.3468	5.5805	0.1689	7.0076	2.5166	4.491
XEYYCK9	VE	8.84	3.254	19.78	12.9325	1.3793	5.0902	0.1489	6.9263	2.3021	4.6242
XEYYNPK1	VE	8.636	4.518	23.97	13.8788	1.453	5.8613	0.1718	7.0855	2.6802	4.4053
XEYYNPK2	VE	8.648	6.898	19	13.8219	1.4048	5.8396	0.1626	6.5544	2.5061	4.0483
XEYYNPK3	VE	8.695	3.75	23.47	13.995	1.3821	6.6161	0.1515	6.7	2.59	4.11
XEYYNPK4	VE	8.591	1.912	18.89	13.512	1.1708	5.6221	0.1517	5.7414	2.0805	3.6609
XEYYNPK5	VE	8.859	3.438	19.29	13.3053	1.3961	5.8976	0.1489	5.7005	2.2025	3.498
XEYYNPK6	VE	8.787	2.524	19.53	13.62	1.3906	6.0947	0.1567	6.8657	2.5369	4.3288
XEYYNPK8	VE	8.827	3.126	18.66	13.6159	1.3468	5.5805	0.1689	7.0076	2.5166	4.491
XEYYNPK9	VE	8.84	3.254	19.78	12.9325	1.3793	5.0902	0.1489	6.9263	2.3021	4.6242
XEYYNPKM1	VE	8.149	31.112	70.3	17.23	1.652	9.1717	0.1549	16.1213	1.8281	14.2932
XEYYNPKM2	VE	8.394	40.654	69.99	18.3021	1.9925	11.4129	0.1381	13.7209	1.7004	12.0205
XEYYNPKM3	VE	8.112	41.374	64.49	19.159	2.0749	12.2116	0.1605	16.92677143	1.5784	15.34837143
XEYYNPKM4	VE	8.317	39.188	66.14	16.928	1.7277	9.6919	0.1573	16.8665	2.1159	14.7506
XEYYNPKM5	VE	8.351	36.406	76.63	16.797	1.8562	9.5737	0.1429	20.025	1.4833	18.5417
XEYYNPKM6	VE	8.043	34.1	58.91	18.2647	1.9796	10.1638	0.1442	16.75507143	1.4067	15.34837143
XEYYNPKM7	VE	8.24	46.668	77.89	18.4266	2.047	11.7369	0.1421	15.1544	1.6202	13.5342
XEYYNPKM8	VE	8.35	35.27	55.15	17.6706	1.8604	8.9202	0.1294	18.168	1.4678	16.7002
XEYYNPKM9	VE	8.215	34.498	66.83	18.7362	2.0614	11.2059	0.1475	19.3689	1.7708	17.5982
XECCCK1	VE	7.131	6.596	65.28	15.56151271	2.000167072	14.52771425	0.2943	8.3758	3.4855	4.8903
XECCCK2	VE	7.083	4.696	63.76	15.95791101	1.913094968	15.70559859	0.3052	8.082	3.5561	4.5259
XECCCK3	VE	7.325	5.716	75.6	15.98374128	2.071971446	15.64919353	0.2834	8.6696	3.4149	5.2546
XECCNPK1	VE	6.917	33.576	80.48	18.6465	2.1873	17.7605	0.3087	10.2378	5.0001	5.2376
XECCNPK2	VE	6.9331	30.056	116.96	16.8268	2.1868	15.1646	0.3043	9.6099	4.9043	4.7056
XECCNPK3	VE	6.716	21.876	106.56	16.1361	2.0623	16.46255	0.2829	8.2543	4.4335	3.8208
XECCNPKM1	VE	6.832	36.916	116.88	19.94373441	2.402956486	18.36146474	0.3365	10.8715	7.3565	3.5149
XECCNPKM2	VE	7.065	33.896	137.36	20.06857872	2.355003953	18.82640243	0.3007	11.8286	7.2478	4.5808
XECCNPKM3	VE	6.778	29.476	110.56	19.36313272	2.541974485	17.79501319	0.3067	11.4527	7.1532	4.2994
XEJX20CK1	VE	5.735	14.336	34.27	7.0687	1.617	6.9519	0.1761	4.9268	2.7888	2.138
XEJX20CK2	VE	5.614	15.216	41.35	8.3376	1.8743	8.0024	0.1805	5.3816	3.0752	2.3064
XEJX20CK3	VE	5.594	10.036	39.92	7.8155	1.8755	7.7785	0.1711	5.1915	2.9651	2.2264
XEJX20CK4	VE	5.539	11.776	40.26	7.4146	1.8407	7.2033	0.1627	5.246	3.0339	2.212
XEJX20CK5	VE	5.446	7.796	38.43	7.2333	1.8981	6.7017	0.1793	5.1863	2.9147	2.2716
XEJX20CK6	VE	5.384	10.136	33.32	6.9924	1.6751	6.5358	0.1627	4.9717	2.8917	2.08
XEJX20CK7	VE	5.469	9.756	36.11	7.5942	1.6698	7.6056	0.1676	5.0961	2.931	2.1651
XEJX20CK8	VE	5.451	13.596	60.17	7.3907	1.8322	7.2224	0.1816	5.2022	2.674	2.5283
XEJX20CK9	VE	5.43	10.596	36.34	7.9591	1.867	7.3668	0.1756	4.9025	2.5596	2.3429
XEJX20NPK1	VE	5.258	16.196	85.7	8.6015	1.8237	8.1616	0.1889	6.1045	3.2361	2.8684
XEJX20NPK2	VE	5.026	32.036	77.57	9.0216	1.9006	8.8479	0.1706	5.6107	3.0209	2.5898
XEJX20NPK3	VE	4.779	16.736	79.45	8.5818	1.9859	8.2752	0.1902	5.7156	2.8315	2.8841
XEJX20NPK4	VE	5.033	10.816	73.12	8.2188	1.9037	7.5766	0.1739	5.6228	3.0174	2.6055
XEJX20NPK5	VE	4.743	14.276	96.74	8.3264	1.8326	8.3829	0.1578	4.8896	2.6414	2.2482
XEJX20NPK6	VE	4.832	12.796	64.49	8.1231	1.8979	7.925	0.1684	5.3569	2.9647	2.3922
XEJX20NPK7	VE	4.759	15.636	88.66	8.2586	1.7107	7.8464	0.1738	6.4872	3.6246	2.8626
XEJX20NPK8	VE	4.832	11.596	104.9	8.3618	1.7172	7.7409	0.1603	5.4322	2.9133	2.5188
XEJX20NPK9	VE	4.782	15.676	89.23	8.5205	1.5757	8.0266	0.1511	5.2769	2.9383	2.3386
XEJX20NPKM1	VE	5.4	200.416	143.36	10.0841	2.0028	9.989	0.1809	20.4667	12.8683	7.5983
XEJX20NPKM2	VE	5.904	196.496	154.48	11.415	2.0323	11.1223	0.1826	10.7306	4.3235	6.4071
XEJX20NPKM3	VE	5.872	216.816	91.04	10.8004	1.9942	10.4249	0.1556	9.9229	4.5442	5.3787
XEJX20NPKM4	VE	5.831	196.716	105.84	10.5789	2.1603	10.6716	0.1502	10.9913	6.9981	3.9932
XEJX20NPKM5	VE	5.864	221.036	160.24	11.748	2.1223	11.6949	0.1543	11.8626	5.7908	6.0718
XEJX20NPKM6	VE	5.903	209.256	96.88	10.3558	2.0877	10.3498	0.1639	10.6512	7.9884	2.6628
XEJX20NPKM7	VE	5.68	204.096	169.52	11.4119	2.2442	11.2396	0.1909	8.9552	4.8042	4.151
XEJX20NPKM8	VE	6.118	247.836	161.44	12.5366	2.1359	11.9756	0.1721	11.6706	6.1435	5.5271
XEJX20NPKM9	VE	6.125	211.316	100.72	11.4565	2.1416	11.162	0.1835	14.9368	7.6874	7.2493
XEHL20CK1	VE	7.019	4.056	74.4	29.7048	2.9016	28.6388	0.3379	8.1331	2.6587	5.4745
XEHL20CK2	VE	7.023	5.776	66.64	31.0374	3.0924	29.9957	0.3162	8.1458	2.5677	5.5781
XEHL20CK3	VE	6.951	2.996	75.44	31.0553	2.9306	31.6228	0.3214	10.6244	5.0125	5.6119
XEHL20NPK2	VE	6.567	14.856	72.56	29.9569	2.9863	28.3841	0.3467	6.8031	2.8834	3.9198
XEHL20NPK3	VE	6.565	12.556	73.84	30.5559	2.9523	29.179	0.3377	10.1856	3.5218	6.6638
XEHL20NPKM1	VE	6.436	29.456	85.68	35.489	3.4843	34.6469	0.375	14.63	3.762	10.868
XEHL20NPKM2	VE	6.3	33.136	88.64	35.4925	3.2845	34.1959	0.354	16.3267	3.7791	12.5477
XEHL20NPKM3	VE	6.473	31.976	112.72	36.0693	3.4481	35.5771	0.3869	13.0143	3.4563	9.5581
SEQYCK1	SE	6.216	5.468	32.26	8.4889	1.6839	7.9905	0.2547	9.241	5.8188	3.4222
SEQYCK2	SE	6.336	1.866	27.42	7.6883	1.6581	7.2099	0.269	8.4373	4.9541	3.4832
SEQYCK3	SE	5.821	3.7	20.43	7.5395	1.8586	7.0737	0.233	8.4883	5.3498	3.1384
SEQYCK4	SE	6.173	2.67	23.01	7.0475	1.7253	6.651	0.2699	8.461	5.0318	3.4292
SEQYCK5	SE	5.991	7.054	18.28	7.1384	1.7527	6.8221	0.26	7.931	5.0164	2.9146
SEQYCK6	SE	5.84	4.616	20.83	7.5437	1.7186	7.4752	0.2124	8.1051	4.9911	3.114
SEQYCK7	SE	5.705	7.736	50.2	5.7596	1.7628	5.4486	0.2469	7.3374	4.7397	2.5977
SEQYCK9	SE	5.804	5.186	19.61	7.4757	1.5195	7.1619	0.4585	11.3324	6.8027	4.5297
SEQYNPK1	SE	5.801	72.74	78.49	11.2605	2.0403	10.4538	0.1978	7.54	4.4772	3.0628
SEQYNPK2	SE	5.83	91.32	79.42	11.7276	2.1212	10.9656	0.2013	8.9971	5.0328	3.9643
SEQYNPK3	SE	5.803	87.036	83.11	12.073	2.1461	11.3041	0.2229	9.5681	5.8356	3.7326
SEQYNPK4	SE	5.554	120.172	68.3	11.322	2.1845	10.9381	0.168	8.2354	5.7628	2.4727
SEQYNPK5	SE	5.506	106.704	84.58	10.1486	2.0087	9.4472	0.17	8.4624	4.6512	3.8111
SEQYNPK6	SE	5.366	93.562	80.14	12.3708	2.2537	11.8262	0.191	10.1464	5.3735	4.7729
SEQYNPK7	SE	4.914	83.146	76.26	12.2063	2.2599	11.8428	0.1751	6.612	3.765	2.847
SEQYNPK8	SE	4.748	56.186	108	11.1546	2.0448	10.2922	0.1834	6.3934	3.1394	3.2541
SEQYNPK9	SE	4.563	87.354	77.21	12.5756	2.1338	11.7415	0.2073	6.6368	3.0814	3.5554
SEQYNPKM1	SE	5.95	201.586	278.56	16.6318	2.7283	16.109	0.2458	14.0491	4.027	10.0221
SEQYNPKM2	SE	6.006	216.444	213.44	14.9947	2.4571	15.2724	0.2603	17.3341	4.38	12.9541
SEQYNPKM3	SE	6.16	254.21	302.8	14.9142	2.4992	14.7179	0.2413	17.4276	3.5375	13.8901
SEQYNPKM4	SE	6.04	199.85	299.84	17.6479	2.8273	17.2963	0.265	20.3428	4.3517	15.9912
SEQYNPKM5	SE	5.937	196.752	217.44	12.9622	2.2237	12.3217	0.2281	16.704	4.4921	12.2119
SEQYNPKM6	SE	6.117	223.198	248.8	17.7035	2.5591	17.3501	0.2424	20.8401	5.2751	15.565
SEQYNPKM7	SE	6.144	207.458	231.76	15.5019	2.8221	15.2765	0.2476	16.7079	3.8206	12.8873
SEQYNPKM8	SE	6.046	270.312	267.28	17.7013	2.7403	17.8967	0.2447	15.3653	4.236	11.1293
SEQYNPKM9	SE	6.051	220.668	252.16	15.326	2.4846	15.1312	0.2484	16.5457	4.6246	11.9212
SEYCCK1	SE	9.165	4.99	32	16.272	1.6009	6.0591	0.1644	5.634	1.8611	3.773
SEYCCK2	SE	9.178	2.046	29.02	17.0039	1.5669	6.4539	0.1573	5.3602	1.8539	3.5063
SEYCCK3	SE	9.215	1.45	24.27	16.4806	1.4808	5.7291	0.1571	4.9859	1.8131	3.1729
SEYCCK4	SE	9.19	4.86	25.24	16.3169	1.4957	5.7626	0.152	5.3934	1.641	3.7524
SEYCCK5	SE	9.235	5.158	27.15	16.8121	1.5573	6.5552	0.1503	5.3717	2.1667	3.2051
SEYCCK6	SE	9.191	3.272	24.83	17.273	1.6192	6.752	0.1563	5.3025	1.7004	3.6021
SEYCCK7	SE	9.073	3.668	30.9	17.5457	1.6359	6.969	0.1731	5.5656	1.9135	3.6521
SEYCCK8	SE	9.241	3.586	27.55	16.6751	1.5632	6.4897	0.1722	5.6617	1.8495	3.8121
SEYCCK9	SE	9.331	1.494	28.88	16.4804	1.5549	6.6843	0.1527	4.9776	1.6625	3.315
SEYCNPK2	SE	8.799	24.634	55.99	19.0128	1.9408	9.7975	0.1613	13.3186	1.8231	11.4955
SEYCNPK3	SE	8.903	10.948	50.48	17.4233	1.804	7.9737	0.1702	13.148	1.9368	11.2112
SEYCNPK4	SE	8.892	9.022	51.06	17.2518	1.6348	7.4016	0.1368	14.0808	1.7957	12.2851
SEYCNPK5	SE	9.038	9.868	46.91	17.1702	1.5791	7.4014	0.1491	7.7163	2.2032	5.513
SEYCNPK6	SE	8.782	7.824	47.47	17.8189	1.5864	8.152	0.1583	10.5095	1.9375	8.572
SEYCNPK7	SE	8.978	6.766	54.87	17.5754	1.7967	6.7467	0.1513	8.0074	2.0693	5.938
SEYCNPK8	SE	8.844	7.352	45.13	17.295	1.7607	8.0332	0.1545	6.786	1.7969	4.9891
SEYCNPK9	SE	8.846	5.474	41.32	16.8807	1.6785	7.0227	0.1645	10.5095	1.9375	8.572
SEYCNPKM1	SE	8.658	52.042	36.26	21.1207	2.0648	10.8081	0.1797	9.3292	1.8472	7.482
SEYCNPKM2	SE	8.846	62.058	44.84	21.8191	1.9146	11.7511	0.1833	10.8237	1.4494	9.3743
SEYCNPKM3	SE	8.777	43.558	42.22	21.7001	2.1387	11.6766	0.164	13.9456	1.9414	12.0042
SEYCNPKM4	SE	8.598	34.142	55.29	22.4391	2.2161	13.6332	0.1799	10.7746	2.3978	8.3768
SEYCNPKM5	SE	8.925	43.782	41.33	22.5653	2.179	13.4524	0.1876	12.22	3.0104	9.2096
SEYCNPKM6	SE	8.729	49.044	45.56	22.2059	2.2457	13.0638	0.1866	15.1151	1.6655	13.4496
SEYCNPKM7	SE	8.606	75.122	59.37	24.0559	2.413	13.9834	0.205	23.8423	2.3627	21.4795
SEYCNPKM8	SE	8.829	64.306	52.41	22.6895	2.1513	13.8264	0.1945	19.3211	2.128	17.1931
SEYCNPKM9	SE	8.691	52.838	37.93	22.6134	2.2748	13.0898	0.1957	12.2047	2.9478	9.2569
SEYYCK1	SE	8.636	4.518	23.97	13.8788	1.453	5.8613	0.1718	7.0855	2.6802	4.4053
SEYYCK2	SE	8.648	6.898	19	13.8219	1.4048	5.8396	0.1626	6.5544	2.5061	4.0483
SEYYCK3	SE	8.695	3.75	23.47	13.995	1.3821	6.6161	0.1515	6.7	2.59	4.11
SEYYCK4	SE	8.591	1.912	18.89	13.512	1.1708	5.6221	0.1517	5.7414	2.0805	3.6609
SEYYCK5	SE	8.859	3.438	19.29	13.3053	1.3961	5.8976	0.1489	5.7005	2.2025	3.498
SEYYCK6	SE	8.787	2.524	19.53	13.62	1.3906	6.0947	0.1567	6.8657	2.5369	4.3288
SEYYCK7	SE	8.835	4.674	29.26	14.9235	1.4281	7.8031	0.1624	7.9315	2.6979	5.2336
SEYYCK8	SE	8.827	3.126	18.66	13.6159	1.3468	5.5805	0.1689	7.0076	2.5166	4.491
SEYYCK9	SE	8.84	3.254	19.78	12.9325	1.3793	5.0902	0.1489	6.9263	2.3021	4.6242
SEYYNPK1	SE	8.356	19.702	59.53	13.7911	1.5767	6.9627	0.1348	12.3417	2.0749	10.2668
SEYYNPK2	SE	8.394	12.11	41.7	14.7976	1.6465	6.9219	0.1594	24.9543	1.8185	23.1358
SEYYNPK3	SE	8.438	15.514	45.32	14.7172	1.5903	6.52	0.1442	12.4811	1.8325	10.6485
SEYYNPK4	SE	8.308	11.87	47.36	15.9235	1.5468	7.4061	0.1186	13.1379	1.5631	11.5748
SEYYNPK5	SE	8.274	18.19	77.97	15.7494	1.6415	7.4397	0.1525	23.1796	1.9225	21.2571
SEYYNPK6	SE	8.239	11.372	39.71	14.9155	1.7095	7.5585	0.1297	25.6237	1.7504	23.8733
SEYYNPK7	SE	8.076	22.594	92.37	14.7213	1.5909	7.4643	0.1098	16.5502	1.4132	15.137
SEYYNPK8	SE	8.287	11.712	65.28	15.4204	1.5624	7.247	0.1263	16.4413	1.4621	14.9792
SEYYNPK9	SE	8.112	12.502	48.53	15.8194	1.5862	6.9982	0.1424	18.0887	1.7297	16.3591
SEYYNPKM1	SE	8.149	31.112	70.3	17.23	1.652	9.1717	0.1549	16.1213	1.8281	14.2932
SEYYNPKM2	SE	8.394	40.654	69.99	18.3021	1.9925	11.4129	0.1381	13.7209	1.7004	12.0205
SEYYNPKM3	SE	8.112	41.374	64.49	19.159	2.0749	12.2116	0.1605	16.92677143	1.5784	15.34837143
SEYYNPKM4	SE	8.317	39.188	66.14	16.928	1.7277	9.6919	0.1573	16.8665	2.1159	14.7506
SEYYNPKM5	SE	8.351	36.406	76.63	16.797	1.8562	9.5737	0.1429	20.025	1.4833	18.5417
SEYYNPKM6	SE	8.043	34.1	58.91	18.2647	1.9796	10.1638	0.1442	16.75507143	1.4067	15.34837143
SEYYNPKM7	SE	8.24	46.668	77.89	18.4266	2.047	11.7369	0.1421	15.1544	1.6202	13.5342
SEYYNPKM8	SE	8.35	35.27	55.15	17.6706	1.8604	8.9202	0.1294	18.168	1.4678	16.7002
SEYYNPKM9	SE	8.215	34.498	66.83	18.7362	2.0614	11.2059	0.1475	19.3689	1.7708	17.5982
SECCCK1	SE	7.131	6.596	65.28	15.56151271	2.000167072	14.52771425	0.2943	8.3758	3.4855	4.8903
SECCCK2	SE	7.083	4.696	63.76	15.95791101	1.913094968	15.70559859	0.3052	8.082	3.5561	4.5259
SECCCK3	SE	7.325	5.716	75.6	15.98374128	2.071971446	15.64919353	0.2834	8.6696	3.4149	5.2546
SECCNPK1	SE	6.917	33.576	80.48	18.6465	2.1873	17.7605	0.3087	10.2378	5.0001	5.2376
SECCNPK2	SE	6.9331	30.056	116.96	16.8268	2.1868	15.1646	0.3043	9.6099	4.9043	4.7056
SECCNPK3	SE	6.716	21.876	106.56	16.1361	2.0623	16.46255	0.2829	8.2543	4.4335	3.8208
SECCNPKM1	SE	6.832	36.916	116.88	19.94373441	2.402956486	18.36146474	0.3365	10.8715	7.3565	3.5149
SECCNPKM2	SE	7.065	33.896	137.36	20.06857872	2.355003953	18.82640243	0.3007	11.8286	7.2478	4.5808
SECCNPKM3	SE	6.778	29.476	110.56	19.36313272	2.541974485	17.79501319	0.3067	11.4527	7.1532	4.2994
SEJX20CK1	SE	5.735	14.336	34.27	7.0687	1.617	6.9519	0.1761	4.9268	2.7888	2.138
SEJX20CK2	SE	5.614	15.216	41.35	8.3376	1.8743	8.0024	0.1805	5.3816	3.0752	2.3064
SEJX20CK3	SE	5.594	10.036	39.92	7.8155	1.8755	7.7785	0.1711	5.1915	2.9651	2.2264
SEJX20CK4	SE	5.539	11.776	40.26	7.4146	1.8407	7.2033	0.1627	5.246	3.0339	2.212
SEJX20CK5	SE	5.446	7.796	38.43	7.2333	1.8981	6.7017	0.1793	5.1863	2.9147	2.2716
SEJX20CK6	SE	5.384	10.136	33.32	6.9924	1.6751	6.5358	0.1627	4.9717	2.8917	2.08
SEJX20CK7	SE	5.469	9.756	36.11	7.5942	1.6698	7.6056	0.1676	5.0961	2.931	2.1651
SEJX20CK9	SE	5.43	10.596	36.34	7.9591	1.867	7.3668	0.1756	4.9025	2.5596	2.3429
SEJX20NPK1	SE	5.258	16.196	85.7	8.6015	1.8237	8.1616	0.1889	6.1045	3.2361	2.8684
SEJX20NPK2	SE	5.026	32.036	77.57	9.0216	1.9006	8.8479	0.1706	5.6107	3.0209	2.5898
SEJX20NPK3	SE	4.779	16.736	79.45	8.5818	1.9859	8.2752	0.1902	5.7156	2.8315	2.8841
SEJX20NPK4	SE	5.033	10.816	73.12	8.2188	1.9037	7.5766	0.1739	5.6228	3.0174	2.6055
SEJX20NPK5	SE	4.743	14.276	96.74	8.3264	1.8326	8.3829	0.1578	4.8896	2.6414	2.2482
SEJX20NPK6	SE	4.832	12.796	64.49	8.1231	1.8979	7.925	0.1684	5.3569	2.9647	2.3922
SEJX20NPK7	SE	4.759	15.636	88.66	8.2586	1.7107	7.8464	0.1738	6.4872	3.6246	2.8626
SEJX20NPK8	SE	4.832	11.596	104.9	8.3618	1.7172	7.7409	0.1603	5.4322	2.9133	2.5188
SEJX20NPK9	SE	4.782	15.676	89.23	8.5205	1.5757	8.0266	0.1511	5.2769	2.9383	2.3386
SEJX20NPKM1	SE	5.4	200.416	143.36	10.0841	2.0028	9.989	0.1809	20.4667	12.8683	7.5983
SEJX20NPKM2	SE	5.904	196.496	154.48	11.415	2.0323	11.1223	0.1826	10.7306	4.3235	6.4071
SEJX20NPKM3	SE	5.872	216.816	91.04	10.8004	1.9942	10.4249	0.1556	9.9229	4.5442	5.3787
SEJX20NPKM4	SE	5.831	196.716	105.84	10.5789	2.1603	10.6716	0.1502	10.9913	6.9981	3.9932
SEJX20NPKM5	SE	5.864	221.036	160.24	11.748	2.1223	11.6949	0.1543	11.8626	5.7908	6.0718
SEJX20NPKM8	SE	6.118	247.836	161.44	12.5366	2.1359	11.9756	0.1721	11.6706	6.1435	5.5271
SEJX20NPKM9	SE	6.125	211.316	100.72	11.4565	2.1416	11.162	0.1835	14.9368	7.6874	7.2493
SEHL20CK1	SE	7.019	4.056	74.4	29.7048	2.9016	28.6388	0.3379	8.1331	2.6587	5.4745
SEHL20CK2	SE	7.023	5.776	66.64	31.0374	3.0924	29.9957	0.3162	8.1458	2.5677	5.5781
SEHL20CK3	SE	6.951	2.996	75.44	31.0553	2.9306	31.6228	0.3214	10.6244	5.0125	5.6119
SEHL20NPK1	SE	6.714	16.436	94.4	32.5438	3.1109	32.0403	0.3576	7.0218	3.1659	3.8559
SEHL20NPK2	SE	6.567	14.856	72.56	29.9569	2.9863	28.3841	0.3467	6.8031	2.8834	3.9198
SEHL20NPK3	SE	6.565	12.556	73.84	30.5559	2.9523	29.179	0.3377	10.1856	3.5218	6.6638
SEHL20NPKM1	SE	6.436	29.456	85.68	35.489	3.4843	34.6469	0.375	14.63	3.762	10.868
SEHL20NPKM2	SE	6.3	33.136	88.64	35.4925	3.2845	34.1959	0.354	16.3267	3.7791	12.5477
LEQYCK1	LE	6.216	5.468	32.26	8.4889	1.6839	7.9905	0.2547	9.241	5.8188	3.4222
LEQYCK2	LE	6.336	1.866	27.42	7.6883	1.6581	7.2099	0.269	8.4373	4.9541	3.4832
LEQYCK3	LE	5.821	3.7	20.43	7.5395	1.8586	7.0737	0.233	8.4883	5.3498	3.1384
LEQYCK4	LE	6.173	2.67	23.01	7.0475	1.7253	6.651	0.2699	8.461	5.0318	3.4292
LEQYCK6	LE	5.84	4.616	20.83	7.5437	1.7186	7.4752	0.2124	8.1051	4.9911	3.114
LEQYCK7	LE	5.705	7.736	50.2	5.7596	1.7628	5.4486	0.2469	7.3374	4.7397	2.5977
LEQYCK8	LE	6.113	5.326	22.21	6.9238	1.7291	6.6277	0.234	7.8403	4.7534	3.0869
LEQYNPK1	LE	5.801	72.74	78.49	11.2605	2.0403	10.4538	0.1978	7.54	4.4772	3.0628
LEQYNPK2	LE	5.83	91.32	79.42	11.7276	2.1212	10.9656	0.2013	8.9971	5.0328	3.9643
LEQYNPK3	LE	5.803	87.036	83.11	12.073	2.1461	11.3041	0.2229	9.5681	5.8356	3.7326
LEQYNPK4	LE	5.554	120.172	68.3	11.322	2.1845	10.9381	0.168	8.2354	5.7628	2.4727
LEQYNPK5	LE	5.506	106.704	84.58	10.1486	2.0087	9.4472	0.17	8.4624	4.6512	3.8111
LEQYNPK6	LE	5.366	93.562	80.14	12.3708	2.2537	11.8262	0.191	10.1464	5.3735	4.7729
LEQYNPK7	LE	4.914	83.146	76.26	12.2063	2.2599	11.8428	0.1751	6.612	3.765	2.847
LEQYNPK8	LE	4.748	56.186	108	11.1546	2.0448	10.2922	0.1834	6.3934	3.1394	3.2541
LEQYNPKM1	LE	5.95	201.586	278.56	16.6318	2.7283	16.109	0.2458	14.0491	4.027	10.0221
LEQYNPKM2	LE	6.006	216.444	213.44	14.9947	2.4571	15.2724	0.2603	17.3341	4.38	12.9541
LEQYNPKM3	LE	6.16	254.21	302.8	14.9142	2.4992	14.7179	0.2413	17.4276	3.5375	13.8901
LEQYNPKM4	LE	6.04	199.85	299.84	17.6479	2.8273	17.2963	0.265	20.3428	4.3517	15.9912
LEQYNPKM5	LE	5.937	196.752	217.44	12.9622	2.2237	12.3217	0.2281	16.704	4.4921	12.2119
LEQYNPKM6	LE	6.117	223.198	248.8	17.7035	2.5591	17.3501	0.2424	20.8401	5.2751	15.565
LEQYNPKM7	LE	6.144	207.458	231.76	15.5019	2.8221	15.2765	0.2476	16.7079	3.8206	12.8873
LEQYNPKM8	LE	6.046	270.312	267.28	17.7013	2.7403	17.8967	0.2447	15.3653	4.236	11.1293
LEQYNPKM9	LE	6.051	220.668	252.16	15.326	2.4846	15.1312	0.2484	16.5457	4.6246	11.9212
LEYCCK1	LE	9.165	4.99	32	16.272	1.6009	6.0591	0.1644	5.634	1.8611	3.773
LEYCCK2	LE	9.178	2.046	29.02	17.0039	1.5669	6.4539	0.1573	5.3602	1.8539	3.5063
LEYCCK3	LE	9.215	1.45	24.27	16.4806	1.4808	5.7291	0.1571	4.9859	1.8131	3.1729
LEYCCK4	LE	9.19	4.86	25.24	16.3169	1.4957	5.7626	0.152	5.3934	1.641	3.7524
LEYCCK5	LE	9.235	5.158	27.15	16.8121	1.5573	6.5552	0.1503	5.3717	2.1667	3.2051
LEYCCK6	LE	9.191	3.272	24.83	17.273	1.6192	6.752	0.1563	5.3025	1.7004	3.6021
LEYCCK7	LE	9.073	3.668	30.9	17.5457	1.6359	6.969	0.1731	5.5656	1.9135	3.6521
LEYCCK8	LE	9.241	3.586	27.55	16.6751	1.5632	6.4897	0.1722	5.6617	1.8495	3.8121
LEYCCK9	LE	9.331	1.494	28.88	16.4804	1.5549	6.6843	0.1527	4.9776	1.6625	3.315
LEYCNPK1	LE	8.823	13.29	44.89	17.9516	1.8447	9.2372	0.1718	10.5095	1.9375	8.572
LEYCNPK2	LE	8.799	24.634	55.99	19.0128	1.9408	9.7975	0.1613	13.3186	1.8231	11.4955
LEYCNPK3	LE	8.903	10.948	50.48	17.4233	1.804	7.9737	0.1702	13.148	1.9368	11.2112
LEYCNPK4	LE	8.892	9.022	51.06	17.2518	1.6348	7.4016	0.1368	14.0808	1.7957	12.2851
LEYCNPK5	LE	9.038	9.868	46.91	17.1702	1.5791	7.4014	0.1491	7.7163	2.2032	5.513
LEYCNPK6	LE	8.782	7.824	47.47	17.8189	1.5864	8.152	0.1583	10.5095	1.9375	8.572
LEYCNPK7	LE	8.978	6.766	54.87	17.5754	1.7967	6.7467	0.1513	8.0074	2.0693	5.938
LEYCNPK8	LE	8.844	7.352	45.13	17.295	1.7607	8.0332	0.1545	6.786	1.7969	4.9891
LEYCNPK9	LE	8.846	5.474	41.32	16.8807	1.6785	7.0227	0.1645	10.5095	1.9375	8.572
LEYCNPKM1	LE	8.658	52.042	36.26	21.1207	2.0648	10.8081	0.1797	9.3292	1.8472	7.482
LEYCNPKM2	LE	8.846	62.058	44.84	21.8191	1.9146	11.7511	0.1833	10.8237	1.4494	9.3743
LEYCNPKM3	LE	8.777	43.558	42.22	21.7001	2.1387	11.6766	0.164	13.9456	1.9414	12.0042
LEYCNPKM4	LE	8.598	34.142	55.29	22.4391	2.2161	13.6332	0.1799	10.7746	2.3978	8.3768
LEYCNPKM5	LE	8.925	43.782	41.33	22.5653	2.179	13.4524	0.1876	12.22	3.0104	9.2096
LEYCNPKM6	LE	8.729	49.044	45.56	22.2059	2.2457	13.0638	0.1866	15.1151	1.6655	13.4496
LEYCNPKM7	LE	8.606	75.122	59.37	24.0559	2.413	13.9834	0.205	23.8423	2.3627	21.4795
LEYCNPKM8	LE	8.829	64.306	52.41	22.6895	2.1513	13.8264	0.1945	19.3211	2.128	17.1931
LEYCNPKM9	LE	8.691	52.838	37.93	22.6134	2.2748	13.0898	0.1957	12.2047	2.9478	9.2569
LEYYCK1	LE	8.636	4.518	23.97	13.8788	1.453	5.8613	0.1718	7.0855	2.6802	4.4053
LEYYCK2	LE	8.648	6.898	19	13.8219	1.4048	5.8396	0.1626	6.5544	2.5061	4.0483
LEYYCK3	LE	8.695	3.75	23.47	13.995	1.3821	6.6161	0.1515	6.7	2.59	4.11
LEYYCK4	LE	8.591	1.912	18.89	13.512	1.1708	5.6221	0.1517	5.7414	2.0805	3.6609
LEYYCK5	LE	8.859	3.438	19.29	13.3053	1.3961	5.8976	0.1489	5.7005	2.2025	3.498
LEYYCK6	LE	8.787	2.524	19.53	13.62	1.3906	6.0947	0.1567	6.8657	2.5369	4.3288
LEYYCK7	LE	8.835	4.674	29.26	14.9235	1.4281	7.8031	0.1624	7.9315	2.6979	5.2336
LEYYCK8	LE	8.827	3.126	18.66	13.6159	1.3468	5.5805	0.1689	7.0076	2.5166	4.491
LEYYCK9	LE	8.84	3.254	19.78	12.9325	1.3793	5.0902	0.1489	6.9263	2.3021	4.6242
LEYYNPK1	LE	8.356	19.702	59.53	13.7911	1.5767	6.9627	0.1348	12.3417	2.0749	10.2668
LEYYNPK2	LE	8.394	12.11	41.7	14.7976	1.6465	6.9219	0.1594	24.9543	1.8185	23.1358
LEYYNPK3	LE	8.438	15.514	45.32	14.7172	1.5903	6.52	0.1442	12.4811	1.8325	10.6485
LEYYNPK4	LE	8.308	11.87	47.36	15.9235	1.5468	7.4061	0.1186	13.1379	1.5631	11.5748
LEYYNPK5	LE	8.274	18.19	77.97	15.7494	1.6415	7.4397	0.1525	23.1796	1.9225	21.2571
LEYYNPK6	LE	8.239	11.372	39.71	14.9155	1.7095	7.5585	0.1297	25.6237	1.7504	23.8733
LEYYNPK7	LE	8.076	22.594	92.37	14.7213	1.5909	7.4643	0.1098	16.5502	1.4132	15.137
LEYYNPK8	LE	8.287	11.712	65.28	15.4204	1.5624	7.247	0.1263	16.4413	1.4621	14.9792
LEYYNPK9	LE	8.112	12.502	48.53	15.8194	1.5862	6.9982	0.1424	18.0887	1.7297	16.3591
LEYYNPKM1	LE	8.149	31.112	70.3	17.23	1.652	9.1717	0.1549	16.1213	1.8281	14.2932
LEYYNPKM2	LE	8.394	40.654	69.99	18.3021	1.9925	11.4129	0.1381	13.7209	1.7004	12.0205
LEYYNPKM3	LE	8.112	41.374	64.49	19.159	2.0749	12.2116	0.1605	16.92677143	1.5784	15.34837143
LEYYNPKM4	LE	8.317	39.188	66.14	16.928	1.7277	9.6919	0.1573	16.8665	2.1159	14.7506
LEYYNPKM5	LE	8.351	36.406	76.63	16.797	1.8562	9.5737	0.1429	20.025	1.4833	18.5417
LEYYNPKM6	LE	8.043	34.1	58.91	18.2647	1.9796	10.1638	0.1442	16.75507143	1.4067	15.34837143
LEYYNPKM7	LE	8.24	46.668	77.89	18.4266	2.047	11.7369	0.1421	15.1544	1.6202	13.5342
LEYYNPKM8	LE	8.35	35.27	55.15	17.6706	1.8604	8.9202	0.1294	18.168	1.4678	16.7002
LEYYNPKM9	LE	8.215	34.498	66.83	18.7362	2.0614	11.2059	0.1475	19.3689	1.7708	17.5982
LECCCK1	LE	7.131	6.596	65.28	15.56151271	2.000167072	14.52771425	0.2943	8.3758	3.4855	4.8903
LECCCK2	LE	7.131	6.596	65.28	15.56151271	2.000167072	14.52771425	0.2943	8.3758	3.4855	4.8903
LECCCK3	LE	7.131	6.596	65.28	15.56151271	2.000167072	14.52771425	0.2943	8.3758	3.4855	4.8903
LECCCK4	LE	7.083	4.696	63.76	15.95791101	1.913094968	15.70559859	0.3052	8.082	3.5561	4.5259
LECCCK5	LE	7.083	4.696	63.76	15.95791101	1.913094968	15.70559859	0.3052	8.082	3.5561	4.5259
LECCCK6	LE	7.083	4.696	63.76	15.95791101	1.913094968	15.70559859	0.3052	8.082	3.5561	4.5259
LECCCK7	LE	7.325	5.716	75.6	15.98374128	2.071971446	15.64919353	0.2834	8.6696	3.4149	5.2546
LECCCK8	LE	7.325	5.716	75.6	15.98374128	2.071971446	15.64919353	0.2834	8.6696	3.4149	5.2546
LECCCK9	LE	7.325	5.716	75.6	15.98374128	2.071971446	15.64919353	0.2834	8.6696	3.4149	5.2546
LECCNPK1	LE	6.917	33.576	80.48	18.6465	2.1873	17.7605	0.3087	10.2378	5.0001	5.2376
LECCNPK2	LE	6.917	33.576	80.48	18.6465	2.1873	17.7605	0.3087	10.2378	5.0001	5.2376
LECCNPK3	LE	6.917	33.576	80.48	18.6465	2.1873	17.7605	0.3087	10.2378	5.0001	5.2376
LECCNPK4	LE	6.9331	30.056	116.96	16.8268	2.1868	15.1646	0.3043	9.6099	4.9043	4.7056
LECCNPK5	LE	6.9331	30.056	116.96	16.8268	2.1868	15.1646	0.3043	9.6099	4.9043	4.7056
LECCNPK6	LE	6.9331	30.056	116.96	16.8268	2.1868	15.1646	0.3043	9.6099	4.9043	4.7056
LECCNPK7	LE	6.716	21.876	106.56	16.1361	2.0623	16.46255	0.2829	8.2543	4.4335	3.8208
LECCNPK8	LE	6.716	21.876	106.56	16.1361	2.0623	16.46255	0.2829	8.2543	4.4335	3.8208
LECCNPK9	LE	6.716	21.876	106.56	16.1361	2.0623	16.46255	0.2829	8.2543	4.4335	3.8208
LECCNPKM1	LE	6.832	36.916	116.88	19.94373441	2.402956486	18.36146474	0.3365	10.8715	7.3565	3.5149
LECCNPKM2	LE	6.832	36.916	116.88	19.94373441	2.402956486	18.36146474	0.3365	10.8715	7.3565	3.5149
LECCNPKM3	LE	6.832	36.916	116.88	19.94373441	2.402956486	18.36146474	0.3365	10.8715	7.3565	3.5149
LECCNPKM4	LE	7.065	33.896	137.36	20.06857872	2.355003953	18.82640243	0.3007	11.8286	7.2478	4.5808
LECCNPKM5	LE	7.065	33.896	137.36	20.06857872	2.355003953	18.82640243	0.3007	11.8286	7.2478	4.5808
LECCNPKM6	LE	7.065	33.896	137.36	20.06857872	2.355003953	18.82640243	0.3007	11.8286	7.2478	4.5808
LECCNPKM7	LE	6.778	29.476	110.56	19.36313272	2.541974485	17.79501319	0.3067	11.4527	7.1532	4.2994
LECCNPKM8	LE	6.778	29.476	110.56	19.36313272	2.541974485	17.79501319	0.3067	11.4527	7.1532	4.2994
LECCNPKM9	LE	6.778	29.476	110.56	19.36313272	2.541974485	17.79501319	0.3067	11.4527	7.1532	4.2994
LEJX20CK1	LE	5.735	14.336	34.27	7.0687	1.617	6.9519	0.1761	4.9268	2.7888	2.138
LEJX20CK2	LE	5.614	15.216	41.35	8.3376	1.8743	8.0024	0.1805	5.3816	3.0752	2.3064
LEJX20CK3	LE	5.594	10.036	39.92	7.8155	1.8755	7.7785	0.1711	5.1915	2.9651	2.2264
LEJX20CK4	LE	5.539	11.776	40.26	7.4146	1.8407	7.2033	0.1627	5.246	3.0339	2.212
LEJX20CK5	LE	5.446	7.796	38.43	7.2333	1.8981	6.7017	0.1793	5.1863	2.9147	2.2716
LEJX20CK6	LE	5.384	10.136	33.32	6.9924	1.6751	6.5358	0.1627	4.9717	2.8917	2.08
LEJX20CK7	LE	5.469	9.756	36.11	7.5942	1.6698	7.6056	0.1676	5.0961	2.931	2.1651
LEJX20CK8	LE	5.451	13.596	60.17	7.3907	1.8322	7.2224	0.1816	5.2022	2.674	2.5283
LEJX20CK9	LE	5.43	10.596	36.34	7.9591	1.867	7.3668	0.1756	4.9025	2.5596	2.3429
LEJX20NPK1	LE	5.258	16.196	85.7	8.6015	1.8237	8.1616	0.1889	6.1045	3.2361	2.8684
LEJX20NPK2	LE	5.026	32.036	77.57	9.0216	1.9006	8.8479	0.1706	5.6107	3.0209	2.5898
LEJX20NPK3	LE	4.779	16.736	79.45	8.5818	1.9859	8.2752	0.1902	5.7156	2.8315	2.8841
LEJX20NPK4	LE	5.033	10.816	73.12	8.2188	1.9037	7.5766	0.1739	5.6228	3.0174	2.6055
LEJX20NPK5	LE	4.743	14.276	96.74	8.3264	1.8326	8.3829	0.1578	4.8896	2.6414	2.2482
LEJX20NPK6	LE	4.832	12.796	64.49	8.1231	1.8979	7.925	0.1684	5.3569	2.9647	2.3922
LEJX20NPK7	LE	4.759	15.636	88.66	8.2586	1.7107	7.8464	0.1738	6.4872	3.6246	2.8626
LEJX20NPK8	LE	4.832	11.596	104.9	8.3618	1.7172	7.7409	0.1603	5.4322	2.9133	2.5188
LEJX20NPK9	LE	4.782	15.676	89.23	8.5205	1.5757	8.0266	0.1511	5.2769	2.9383	2.3386
LEJX20NPKM1	LE	5.4	200.416	143.36	10.0841	2.0028	9.989	0.1809	20.4667	12.8683	7.5983
LEJX20NPKM2	LE	5.904	196.496	154.48	11.415	2.0323	11.1223	0.1826	10.7306	4.3235	6.4071
LEJX20NPKM3	LE	5.872	216.816	91.04	10.8004	1.9942	10.4249	0.1556	9.9229	4.5442	5.3787
LEJX20NPKM4	LE	5.831	196.716	105.84	10.5789	2.1603	10.6716	0.1502	10.9913	6.9981	3.9932
LEJX20NPKM5	LE	5.864	221.036	160.24	11.748	2.1223	11.6949	0.1543	11.8626	5.7908	6.0718
LEJX20NPKM6	LE	5.903	209.256	96.88	10.3558	2.0877	10.3498	0.1639	10.6512	7.9884	2.6628
LEJX20NPKM7	LE	5.68	204.096	169.52	11.4119	2.2442	11.2396	0.1909	8.9552	4.8042	4.151
LEJX20NPKM8	LE	6.118	247.836	161.44	12.5366	2.1359	11.9756	0.1721	11.6706	6.1435	5.5271
LEJX20NPKM9	LE	6.125	211.316	100.72	11.4565	2.1416	11.162	0.1835	14.9368	7.6874	7.2493
LEHL20CK1	LE	7.019	4.056	74.4	29.7048	2.9016	28.6388	0.3379	8.1331	2.6587	5.4745
LEHL20CK2	LE	7.019	4.056	74.4	29.7048	2.9016	28.6388	0.3379	8.1331	2.6587	5.4745
LEHL20CK3	LE	7.019	4.056	74.4	29.7048	2.9016	28.6388	0.3379	8.1331	2.6587	5.4745
LEHL20CK4	LE	7.023	5.776	66.64	31.0374	3.0924	29.9957	0.3162	8.1458	2.5677	5.5781
LEHL20CK5	LE	7.023	5.776	66.64	31.0374	3.0924	29.9957	0.3162	8.1458	2.5677	5.5781
LEHL20CK6	LE	7.023	5.776	66.64	31.0374	3.0924	29.9957	0.3162	8.1458	2.5677	5.5781
LEHL20CK7	LE	6.951	2.996	75.44	31.0553	2.9306	31.6228	0.3214	10.6244	5.0125	5.6119
LEHL20CK8	LE	6.951	2.996	75.44	31.0553	2.9306	31.6228	0.3214	10.6244	5.0125	5.6119
LEHL20CK9	LE	6.951	2.996	75.44	31.0553	2.9306	31.6228	0.3214	10.6244	5.0125	5.6119
LEHL20NPK1	LE	6.714	16.436	94.4	32.5438	3.1109	32.0403	0.3576	7.0218	3.1659	3.8559
LEHL20NPK2	LE	6.714	16.436	94.4	32.5438	3.1109	32.0403	0.3576	7.0218	3.1659	3.8559
LEHL20NPK3	LE	6.714	16.436	94.4	32.5438	3.1109	32.0403	0.3576	7.0218	3.1659	3.8559
LEHL20NPK4	LE	6.567	14.856	72.56	29.9569	2.9863	28.3841	0.3467	6.8031	2.8834	3.9198
LEHL20NPK5	LE	6.567	14.856	72.56	29.9569	2.9863	28.3841	0.3467	6.8031	2.8834	3.9198
LEHL20NPK6	LE	6.567	14.856	72.56	29.9569	2.9863	28.3841	0.3467	6.8031	2.8834	3.9198
LEHL20NPK7	LE	6.565	12.556	73.84	30.5559	2.9523	29.179	0.3377	10.1856	3.5218	6.6638
LEHL20NPK8	LE	6.565	12.556	73.84	30.5559	2.9523	29.179	0.3377	10.1856	3.5218	6.6638
LEHL20NPK9	LE	6.565	12.556	73.84	30.5559	2.9523	29.179	0.3377	10.1856	3.5218	6.6638
LEHL20NPKM2	LE	6.436	29.456	85.68	35.489	3.4843	34.6469	0.375	14.63	3.762	10.868
LEHL20NPKM3	LE	6.436	29.456	85.68	35.489	3.4843	34.6469	0.375	14.63	3.762	10.868
LEHL20NPKM4	LE	6.3	33.136	88.64	35.4925	3.2845	34.1959	0.354	16.3267	3.7791	12.5477
LEHL20NPKM5	LE	6.3	33.136	88.64	35.4925	3.2845	34.1959	0.354	16.3267	3.7791	12.5477
LEHL20NPKM6	LE	6.3	33.136	88.64	35.4925	3.2845	34.1959	0.354	16.3267	3.7791	12.5477
LEHL20NPKM7	LE	6.473	31.976	112.72	36.0693	3.4481	35.5771	0.3869	13.0143	3.4563	9.5581
LEHL20NPKM8	LE	6.473	31.976	112.72	36.0693	3.4481	35.5771	0.3869	13.0143	3.4563	9.5581
LEHL20NPKM9	LE	6.473	31.976	112.72	36.0693	3.4481	35.5771	0.3869	13.0143	3.4563	9.5581
LQYCK1	P	6.216	5.468	32.26	8.4889	1.6839	7.9905	0.2547	9.241	5.8188	3.4222
LQYCK2	P	6.336	1.866	27.42	7.6883	1.6581	7.2099	0.269	8.4373	4.9541	3.4832
LQYCK3	P	5.821	3.7	20.43	7.5395	1.8586	7.0737	0.233	8.4883	5.3498	3.1384
LQYCK4	P	6.173	2.67	23.01	7.0475	1.7253	6.651	0.2699	8.461	5.0318	3.4292
LQYCK6	P	5.84	4.616	20.83	7.5437	1.7186	7.4752	0.2124	8.1051	4.9911	3.114
LQYCK7	P	5.705	7.736	50.2	5.7596	1.7628	5.4486	0.2469	7.3374	4.7397	2.5977
LQYCK8	P	6.113	5.326	22.21	6.9238	1.7291	6.6277	0.234	7.8403	4.7534	3.0869
LQYNPK1	P	5.801	72.74	78.49	11.2605	2.0403	10.4538	0.1978	7.54	4.4772	3.0628
LQYNPK2	P	5.83	91.32	79.42	11.7276	2.1212	10.9656	0.2013	8.9971	5.0328	3.9643
LQYNPK3	P	5.803	87.036	83.11	12.073	2.1461	11.3041	0.2229	9.5681	5.8356	3.7326
LQYNPK4	P	5.554	120.172	68.3	11.322	2.1845	10.9381	0.168	8.2354	5.7628	2.4727
LQYNPK5	P	5.506	106.704	84.58	10.1486	2.0087	9.4472	0.17	8.4624	4.6512	3.8111
LQYNPK6	P	5.366	93.562	80.14	12.3708	2.2537	11.8262	0.191	10.1464	5.3735	4.7729
LQYNPK7	P	4.914	83.146	76.26	12.2063	2.2599	11.8428	0.1751	6.612	3.765	2.847
LQYNPK8	P	4.748	56.186	108	11.1546	2.0448	10.2922	0.1834	6.3934	3.1394	3.2541
LQYNPKM1	P	5.95	201.586	278.56	16.6318	2.7283	16.109	0.2458	14.0491	4.027	10.0221
LQYNPKM2	P	6.006	216.444	213.44	14.9947	2.4571	15.2724	0.2603	17.3341	4.38	12.9541
LQYNPKM3	P	6.16	254.21	302.8	14.9142	2.4992	14.7179	0.2413	17.4276	3.5375	13.8901
LQYNPKM4	P	6.04	199.85	299.84	17.6479	2.8273	17.2963	0.265	20.3428	4.3517	15.9912
LQYNPKM5	P	5.937	196.752	217.44	12.9622	2.2237	12.3217	0.2281	16.704	4.4921	12.2119
LQYNPKM6	P	6.117	223.198	248.8	17.7035	2.5591	17.3501	0.2424	20.8401	5.2751	15.565
LQYNPKM7	P	6.144	207.458	231.76	15.5019	2.8221	15.2765	0.2476	16.7079	3.8206	12.8873
LQYNPKM8	P	6.046	270.312	267.28	17.7013	2.7403	17.8967	0.2447	15.3653	4.236	11.1293
LQYNPKM9	P	6.051	220.668	252.16	15.326	2.4846	15.1312	0.2484	16.5457	4.6246	11.9212
LYCCK1	P	9.165	4.99	32	16.272	1.6009	6.0591	0.1644	5.634	1.8611	3.773
LYCCK2	P	9.178	2.046	29.02	17.0039	1.5669	6.4539	0.1573	5.3602	1.8539	3.5063
LYCCK3	P	9.215	1.45	24.27	16.4806	1.4808	5.7291	0.1571	4.9859	1.8131	3.1729
LYCCK4	P	9.19	4.86	25.24	16.3169	1.4957	5.7626	0.152	5.3934	1.641	3.7524
LYCCK5	P	9.235	5.158	27.15	16.8121	1.5573	6.5552	0.1503	5.3717	2.1667	3.2051
LYCCK6	P	9.191	3.272	24.83	17.273	1.6192	6.752	0.1563	5.3025	1.7004	3.6021
LYCCK7	P	9.073	3.668	30.9	17.5457	1.6359	6.969	0.1731	5.5656	1.9135	3.6521
LYCCK8	P	9.241	3.586	27.55	16.6751	1.5632	6.4897	0.1722	5.6617	1.8495	3.8121
LYCCK9	P	9.331	1.494	28.88	16.4804	1.5549	6.6843	0.1527	4.9776	1.6625	3.315
LYCNPK1	P	8.823	13.29	44.89	17.9516	1.8447	9.2372	0.1718	10.5095	1.9375	8.572
LYCNPK2	P	8.799	24.634	55.99	19.0128	1.9408	9.7975	0.1613	13.3186	1.8231	11.4955
LYCNPK3	P	8.903	10.948	50.48	17.4233	1.804	7.9737	0.1702	13.148	1.9368	11.2112
LYCNPK4	P	8.892	9.022	51.06	17.2518	1.6348	7.4016	0.1368	14.0808	1.7957	12.2851
LYCNPK5	P	9.038	9.868	46.91	17.1702	1.5791	7.4014	0.1491	7.7163	2.2032	5.513
LYCNPK6	P	8.782	7.824	47.47	17.8189	1.5864	8.152	0.1583	10.5095	1.9375	8.572
LYCNPK7	P	8.978	6.766	54.87	17.5754	1.7967	6.7467	0.1513	8.0074	2.0693	5.938
LYCNPK8	P	8.844	7.352	45.13	17.295	1.7607	8.0332	0.1545	6.786	1.7969	4.9891
LYCNPK9	P	8.846	5.474	41.32	16.8807	1.6785	7.0227	0.1645	10.5095	1.9375	8.572
LYCNPKM1	P	8.658	52.042	36.26	21.1207	2.0648	10.8081	0.1797	9.3292	1.8472	7.482
LYCNPKM3	P	8.777	43.558	42.22	21.7001	2.1387	11.6766	0.164	13.9456	1.9414	12.0042
LYCNPKM4	P	8.598	34.142	55.29	22.4391	2.2161	13.6332	0.1799	10.7746	2.3978	8.3768
LYCNPKM5	P	8.925	43.782	41.33	22.5653	2.179	13.4524	0.1876	12.22	3.0104	9.2096
LYCNPKM6	P	8.729	49.044	45.56	22.2059	2.2457	13.0638	0.1866	15.1151	1.6655	13.4496
LYCNPKM7	P	8.606	75.122	59.37	24.0559	2.413	13.9834	0.205	23.8423	2.3627	21.4795
LYCNPKM8	P	8.829	64.306	52.41	22.6895	2.1513	13.8264	0.1945	19.3211	2.128	17.1931
LYCNPKM9	P	8.691	52.838	37.93	22.6134	2.2748	13.0898	0.1957	12.2047	2.9478	9.2569
LYYCK1	P	8.636	4.518	23.97	13.8788	1.453	5.8613	0.1718	7.0855	2.6802	4.4053
LYYCK2	P	8.648	6.898	19	13.8219	1.4048	5.8396	0.1626	6.5544	2.5061	4.0483
LYYCK3	P	8.695	3.75	23.47	13.995	1.3821	6.6161	0.1515	6.7	2.59	4.11
LYYCK4	P	8.591	1.912	18.89	13.512	1.1708	5.6221	0.1517	5.7414	2.0805	3.6609
LYYCK5	P	8.859	3.438	19.29	13.3053	1.3961	5.8976	0.1489	5.7005	2.2025	3.498
LYYCK6	P	8.787	2.524	19.53	13.62	1.3906	6.0947	0.1567	6.8657	2.5369	4.3288
LYYCK7	P	8.835	4.674	29.26	14.9235	1.4281	7.8031	0.1624	7.9315	2.6979	5.2336
LYYCK8	P	8.827	3.126	18.66	13.6159	1.3468	5.5805	0.1689	7.0076	2.5166	4.491
LYYCK9	P	8.84	3.254	19.78	12.9325	1.3793	5.0902	0.1489	6.9263	2.3021	4.6242
LYYNPK1	P	8.356	19.702	59.53	13.7911	1.5767	6.9627	0.1348	12.3417	2.0749	10.2668
LYYNPK3	P	8.438	15.514	45.32	14.7172	1.5903	6.52	0.1442	12.4811	1.8325	10.6485
LYYNPK4	P	8.308	11.87	47.36	15.9235	1.5468	7.4061	0.1186	13.1379	1.5631	11.5748
LYYNPK5	P	8.274	18.19	77.97	15.7494	1.6415	7.4397	0.1525	23.1796	1.9225	21.2571
LYYNPK6	P	8.239	11.372	39.71	14.9155	1.7095	7.5585	0.1297	25.6237	1.7504	23.8733
LYYNPK7	P	8.076	22.594	92.37	14.7213	1.5909	7.4643	0.1098	16.5502	1.4132	15.137
LYYNPK8	P	8.287	11.712	65.28	15.4204	1.5624	7.247	0.1263	16.4413	1.4621	14.9792
LYYNPK9	P	8.112	12.502	48.53	15.8194	1.5862	6.9982	0.1424	18.0887	1.7297	16.3591
LYYNPKM1	P	8.149	31.112	70.3	17.23	1.652	9.1717	0.1549	16.1213	1.8281	14.2932
LYYNPKM2	P	8.394	40.654	69.99	18.3021	1.9925	11.4129	0.1381	13.7209	1.7004	12.0205
LYYNPKM3	P	8.112	41.374	64.49	19.159	2.0749	12.2116	0.1605	16.92677143	1.5784	15.34837143
LYYNPKM4	P	8.317	39.188	66.14	16.928	1.7277	9.6919	0.1573	16.8665	2.1159	14.7506
LYYNPKM5	P	8.351	36.406	76.63	16.797	1.8562	9.5737	0.1429	20.025	1.4833	18.5417
LYYNPKM6	P	8.043	34.1	58.91	18.2647	1.9796	10.1638	0.1442	16.75507143	1.4067	15.34837143
LYYNPKM7	P	8.24	46.668	77.89	18.4266	2.047	11.7369	0.1421	15.1544	1.6202	13.5342
LYYNPKM8	P	8.35	35.27	55.15	17.6706	1.8604	8.9202	0.1294	18.168	1.4678	16.7002
LYYNPKM9	P	8.215	34.498	66.83	18.7362	2.0614	11.2059	0.1475	19.3689	1.7708	17.5982
LCCCK1	P	7.131	6.596	65.28	15.56151271	2.000167072	14.52771425	0.2943	8.3758	3.4855	4.8903
LCCCK2	P	7.131	6.596	65.28	15.56151271	2.000167072	14.52771425	0.2943	8.3758	3.4855	4.8903
LCCCK3	P	7.131	6.596	65.28	15.56151271	2.000167072	14.52771425	0.2943	8.3758	3.4855	4.8903
LCCCK4	P	7.083	4.696	63.76	15.95791101	1.913094968	15.70559859	0.3052	8.082	3.5561	4.5259
LCCCK5	P	7.083	4.696	63.76	15.95791101	1.913094968	15.70559859	0.3052	8.082	3.5561	4.5259
LCCCK6	P	7.083	4.696	63.76	15.95791101	1.913094968	15.70559859	0.3052	8.082	3.5561	4.5259
LCCCK7	P	7.325	5.716	75.6	15.98374128	2.071971446	15.64919353	0.2834	8.6696	3.4149	5.2546
LCCCK8	P	7.325	5.716	75.6	15.98374128	2.071971446	15.64919353	0.2834	8.6696	3.4149	5.2546
LCCCK9	P	7.325	5.716	75.6	15.98374128	2.071971446	15.64919353	0.2834	8.6696	3.4149	5.2546
LCCNPK1	P	6.917	33.576	80.48	18.6465	2.1873	17.7605	0.3087	10.2378	5.0001	5.2376
LCCNPK2	P	6.917	33.576	80.48	18.6465	2.1873	17.7605	0.3087	10.2378	5.0001	5.2376
LCCNPK3	P	6.917	33.576	80.48	18.6465	2.1873	17.7605	0.3087	10.2378	5.0001	5.2376
LCCNPK4	P	6.9331	30.056	116.96	16.8268	2.1868	15.1646	0.3043	9.6099	4.9043	4.7056
LCCNPK5	P	6.9331	30.056	116.96	16.8268	2.1868	15.1646	0.3043	9.6099	4.9043	4.7056
LCCNPK6	P	6.9331	30.056	116.96	16.8268	2.1868	15.1646	0.3043	9.6099	4.9043	4.7056
LCCNPK7	P	6.716	21.876	106.56	16.1361	2.0623	16.46255	0.2829	8.2543	4.4335	3.8208
LCCNPK8	P	6.716	21.876	106.56	16.1361	2.0623	16.46255	0.2829	8.2543	4.4335	3.8208
LCCNPK9	P	6.716	21.876	106.56	16.1361	2.0623	16.46255	0.2829	8.2543	4.4335	3.8208
LCCNPKM1	P	6.832	36.916	116.88	19.94373441	2.402956486	18.36146474	0.3365	10.8715	7.3565	3.5149
LCCNPKM2	P	6.832	36.916	116.88	19.94373441	2.402956486	18.36146474	0.3365	10.8715	7.3565	3.5149
LCCNPKM3	P	6.832	36.916	116.88	19.94373441	2.402956486	18.36146474	0.3365	10.8715	7.3565	3.5149
LCCNPKM4	P	7.065	33.896	137.36	20.06857872	2.355003953	18.82640243	0.3007	11.8286	7.2478	4.5808
LCCNPKM5	P	7.065	33.896	137.36	20.06857872	2.355003953	18.82640243	0.3007	11.8286	7.2478	4.5808
LCCNPKM6	P	7.065	33.896	137.36	20.06857872	2.355003953	18.82640243	0.3007	11.8286	7.2478	4.5808
LCCNPKM7	P	6.778	29.476	110.56	19.36313272	2.541974485	17.79501319	0.3067	11.4527	7.1532	4.2994
LCCNPKM8	P	6.778	29.476	110.56	19.36313272	2.541974485	17.79501319	0.3067	11.4527	7.1532	4.2994
LCCNPKM9	P	6.778	29.476	110.56	19.36313272	2.541974485	17.79501319	0.3067	11.4527	7.1532	4.2994
LJX20CK1	P	5.735	14.336	34.27	7.0687	1.617	6.9519	0.1761	4.9268	2.7888	2.138
LJX20CK2	P	5.614	15.216	41.35	8.3376	1.8743	8.0024	0.1805	5.3816	3.0752	2.3064
LJX20CK3	P	5.594	10.036	39.92	7.8155	1.8755	7.7785	0.1711	5.1915	2.9651	2.2264
LJX20CK4	P	5.539	11.776	40.26	7.4146	1.8407	7.2033	0.1627	5.246	3.0339	2.212
LJX20CK6	P	5.384	10.136	33.32	6.9924	1.6751	6.5358	0.1627	4.9717	2.8917	2.08
LJX20CK7	P	5.469	9.756	36.11	7.5942	1.6698	7.6056	0.1676	5.0961	2.931	2.1651
LJX20CK8	P	5.451	13.596	60.17	7.3907	1.8322	7.2224	0.1816	5.2022	2.674	2.5283
LJX20CK9	P	5.43	10.596	36.34	7.9591	1.867	7.3668	0.1756	4.9025	2.5596	2.3429
LJX20NPK1	P	5.258	16.196	85.7	8.6015	1.8237	8.1616	0.1889	6.1045	3.2361	2.8684
LJX20NPK2	P	5.026	32.036	77.57	9.0216	1.9006	8.8479	0.1706	5.6107	3.0209	2.5898
LJX20NPK3	P	4.779	16.736	79.45	8.5818	1.9859	8.2752	0.1902	5.7156	2.8315	2.8841
LJX20NPK4	P	5.033	10.816	73.12	8.2188	1.9037	7.5766	0.1739	5.6228	3.0174	2.6055
LJX20NPK5	P	4.743	14.276	96.74	8.3264	1.8326	8.3829	0.1578	4.8896	2.6414	2.2482
LJX20NPK6	P	4.832	12.796	64.49	8.1231	1.8979	7.925	0.1684	5.3569	2.9647	2.3922
LJX20NPK7	P	4.759	15.636	88.66	8.2586	1.7107	7.8464	0.1738	6.4872	3.6246	2.8626
LJX20NPK8	P	4.832	11.596	104.9	8.3618	1.7172	7.7409	0.1603	5.4322	2.9133	2.5188
LJX20NPK9	P	4.782	15.676	89.23	8.5205	1.5757	8.0266	0.1511	5.2769	2.9383	2.3386
LJX20NPKM1	P	5.4	200.416	143.36	10.0841	2.0028	9.989	0.1809	20.4667	12.8683	7.5983
LJX20NPKM2	P	5.904	196.496	154.48	11.415	2.0323	11.1223	0.1826	10.7306	4.3235	6.4071
LJX20NPKM3	P	5.872	216.816	91.04	10.8004	1.9942	10.4249	0.1556	9.9229	4.5442	5.3787
LJX20NPKM4	P	5.831	196.716	105.84	10.5789	2.1603	10.6716	0.1502	10.9913	6.9981	3.9932
LJX20NPKM5	P	5.864	221.036	160.24	11.748	2.1223	11.6949	0.1543	11.8626	5.7908	6.0718
LJX20NPKM6	P	5.903	209.256	96.88	10.3558	2.0877	10.3498	0.1639	10.6512	7.9884	2.6628
LJX20NPKM7	P	5.68	204.096	169.52	11.4119	2.2442	11.2396	0.1909	8.9552	4.8042	4.151
LJX20NPKM8	P	6.118	247.836	161.44	12.5366	2.1359	11.9756	0.1721	11.6706	6.1435	5.5271
LJX20NPKM9	P	6.125	211.316	100.72	11.4565	2.1416	11.162	0.1835	14.9368	7.6874	7.2493
LHL20CK1	P	7.019	4.056	74.4	29.7048	2.9016	28.6388	0.3379	8.1331	2.6587	5.4745
LHL20CK2	P	7.019	4.056	74.4	29.7048	2.9016	28.6388	0.3379	8.1331	2.6587	5.4745
LHL20CK3	P	7.019	4.056	74.4	29.7048	2.9016	28.6388	0.3379	8.1331	2.6587	5.4745
LHL20CK4	P	7.023	5.776	66.64	31.0374	3.0924	29.9957	0.3162	8.1458	2.5677	5.5781
LHL20CK5	P	7.023	5.776	66.64	31.0374	3.0924	29.9957	0.3162	8.1458	2.5677	5.5781
LHL20CK6	P	7.023	5.776	66.64	31.0374	3.0924	29.9957	0.3162	8.1458	2.5677	5.5781
LHL20CK7	P	6.951	2.996	75.44	31.0553	2.9306	31.6228	0.3214	10.6244	5.0125	5.6119
LHL20CK9	P	6.951	2.996	75.44	31.0553	2.9306	31.6228	0.3214	10.6244	5.0125	5.6119
LHL20NPK4	P	6.567	14.856	72.56	29.9569	2.9863	28.3841	0.3467	6.8031	2.8834	3.9198
LHL20NPK5	P	6.567	14.856	72.56	29.9569	2.9863	28.3841	0.3467	6.8031	2.8834	3.9198
LHL20NPK6	P	6.567	14.856	72.56	29.9569	2.9863	28.3841	0.3467	6.8031	2.8834	3.9198
LHL20NPK7	P	6.565	12.556	73.84	30.5559	2.9523	29.179	0.3377	10.1856	3.5218	6.6638
LHL20NPK8	P	6.565	12.556	73.84	30.5559	2.9523	29.179	0.3377	10.1856	3.5218	6.6638
LHL20NPK9	P	6.565	12.556	73.84	30.5559	2.9523	29.179	0.3377	10.1856	3.5218	6.6638
LHL20NPKM1	P	6.436	29.456	85.68	35.489	3.4843	34.6469	0.375	14.63	3.762	10.868
LHL20NPKM2	P	6.436	29.456	85.68	35.489	3.4843	34.6469	0.375	14.63	3.762	10.868
LHL20NPKM3	P	6.436	29.456	85.68	35.489	3.4843	34.6469	0.375	14.63	3.762	10.868
LHL20NPKM4	P	6.3	33.136	88.64	35.4925	3.2845	34.1959	0.354	16.3267	3.7791	12.5477
LHL20NPKM5	P	6.3	33.136	88.64	35.4925	3.2845	34.1959	0.354	16.3267	3.7791	12.5477
LHL20NPKM6	P	6.3	33.136	88.64	35.4925	3.2845	34.1959	0.354	16.3267	3.7791	12.5477
LHL20NPKM7	P	6.473	31.976	112.72	36.0693	3.4481	35.5771	0.3869	13.0143	3.4563	9.5581
LHL20NPKM8	P	6.473	31.976	112.72	36.0693	3.4481	35.5771	0.3869	13.0143	3.4563	9.5581
LHL20NPKM9	P	6.473	31.976	112.72	36.0693	3.4481	35.5771	0.3869	13.0143	3.4563	9.5581
