SampleID	SiteTre	MAT	TS	MT	MIT	TR	MAP	PS	SDS
BQYCK1	BS	18.52	24.39	38.3	-1.39	39.36	1499.67	684	131.26
BQYCK2	BS	18.52	24.39	38.3	-1.39	39.36	1499.67	684	131.26
BQYCK3	BS	18.52	24.39	38.3	-1.39	39.36	1499.67	684	131.26
BQYCK4	BS	18.52	24.39	38.3	-1.39	39.36	1499.67	684	131.26
BQYCK5	BS	18.52	24.39	38.3	-1.39	39.36	1499.67	684	131.26
BQYCK6	BS	18.52	24.39	38.3	-1.39	39.36	1499.67	684	131.26
BQYCK7	BS	18.52	24.39	38.3	-1.39	39.36	1499.67	684	131.26
BQYCK8	BS	18.52	24.39	38.3	-1.39	39.36	1499.67	684	131.26
BQYCK9	BS	18.52	24.39	38.3	-1.39	39.36	1499.67	684	131.26
BQYNPK1	BS	18.52	24.39	38.3	-1.39	39.36	1499.67	684	131.26
BQYNPK2	BS	18.52	24.39	38.3	-1.39	39.36	1499.67	684	131.26
BQYNPK3	BS	18.52	24.39	38.3	-1.39	39.36	1499.67	684	131.26
BQYNPK4	BS	18.52	24.39	38.3	-1.39	39.36	1499.67	684	131.26
BQYNPK5	BS	18.52	24.39	38.3	-1.39	39.36	1499.67	684	131.26
BQYNPK6	BS	18.52	24.39	38.3	-1.39	39.36	1499.67	684	131.26
BQYNPK7	BS	18.52	24.39	38.3	-1.39	39.36	1499.67	684	131.26
BQYNPK8	BS	18.52	24.39	38.3	-1.39	39.36	1499.67	684	131.26
BQYNPK9	BS	18.52	24.39	38.3	-1.39	39.36	1499.67	684	131.26
BQYNPKM1	BS	18.52	24.39	38.3	-1.39	39.36	1499.67	684	131.26
BQYNPKM2	BS	18.52	24.39	38.3	-1.39	39.36	1499.67	684	131.26
BQYNPKM3	BS	18.52	24.39	38.3	-1.39	39.36	1499.67	684	131.26
BQYNPKM4	BS	18.52	24.39	38.3	-1.39	39.36	1499.67	684	131.26
BQYNPKM5	BS	18.52	24.39	38.3	-1.39	39.36	1499.67	684	131.26
BQYNPKM6	BS	18.52	24.39	38.3	-1.39	39.36	1499.67	684	131.26
BQYNPKM7	BS	18.52	24.39	38.3	-1.39	39.36	1499.67	684	131.26
BQYNPKM8	BS	18.52	24.39	38.3	-1.39	39.36	1499.67	684	131.26
BQYNPKM9	BS	18.52	24.39	38.3	-1.39	39.36	1499.67	684	131.26
BYCCK1	BS	14.46	25.74	38.3	-12.43	50.73	577	450.26	202.59
BYCCK2	BS	14.46	25.74	38.3	-12.43	50.73	577	450.26	202.59
BYCCK3	BS	14.46	25.74	38.3	-12.43	50.73	577	450.26	202.59
BYCCK4	BS	14.46	25.74	38.3	-12.43	50.73	577	450.26	202.59
BYCCK5	BS	14.46	25.74	38.3	-12.43	50.73	577	450.26	202.59
BYCCK6	BS	14.46	25.74	38.3	-12.43	50.73	577	450.26	202.59
BYCCK7	BS	14.46	25.74	38.3	-12.43	50.73	577	450.26	202.59
BYCCK8	BS	14.46	25.74	38.3	-12.43	50.73	577	450.26	202.59
BYCCK9	BS	14.46	25.74	38.3	-12.43	50.73	577	450.26	202.59
BYCNPK1	BS	14.46	25.74	38.3	-12.43	50.73	577	450.26	202.59
BYCNPK2	BS	14.46	25.74	38.3	-12.43	50.73	577	450.26	202.59
BYCNPK3	BS	14.46	25.74	38.3	-12.43	50.73	577	450.26	202.59
BYCNPK4	BS	14.46	25.74	38.3	-12.43	50.73	577	450.26	202.59
BYCNPK5	BS	14.46	25.74	38.3	-12.43	50.73	577	450.26	202.59
BYCNPK6	BS	14.46	25.74	38.3	-12.43	50.73	577	450.26	202.59
BYCNPK7	BS	14.46	25.74	38.3	-12.43	50.73	577	450.26	202.59
BYCNPK8	BS	14.46	25.74	38.3	-12.43	50.73	577	450.26	202.59
BYCNPK9	BS	14.46	25.74	38.3	-12.43	50.73	577	450.26	202.59
BYCNPKM1	BS	14.46	25.74	38.3	-12.43	50.73	577	450.26	202.59
BYCNPKM2	BS	14.46	25.74	38.3	-12.43	50.73	577	450.26	202.59
BYCNPKM3	BS	14.46	25.74	38.3	-12.43	50.73	577	450.26	202.59
BYCNPKM4	BS	14.46	25.74	38.3	-12.43	50.73	577	450.26	202.59
BYCNPKM5	BS	14.46	25.74	38.3	-12.43	50.73	577	450.26	202.59
BYCNPKM6	BS	14.46	25.74	38.3	-12.43	50.73	577	450.26	202.59
BYCNPKM7	BS	14.46	25.74	38.3	-12.43	50.73	577	450.26	202.59
BYCNPKM8	BS	14.46	25.74	38.3	-12.43	50.73	577	450.26	202.59
BYCNPKM9	BS	14.46	25.74	38.3	-12.43	50.73	577	450.26	202.59
BYYCK1	BS	15.58	26.22	38.84	-9.61	48.46	556.12	408.5	177.49
BYYCK2	BS	15.58	26.22	38.84	-9.61	48.46	556.12	408.5	177.49
BYYCK3	BS	15.58	26.22	38.84	-9.61	48.46	556.12	408.5	177.49
BYYCK4	BS	15.58	26.22	38.84	-9.61	48.46	556.12	408.5	177.49
BYYCK5	BS	15.58	26.22	38.84	-9.61	48.46	556.12	408.5	177.49
BYYCK6	BS	15.58	26.22	38.84	-9.61	48.46	556.12	408.5	177.49
BYYCK7	BS	15.58	26.22	38.84	-9.61	48.46	556.12	408.5	177.49
BYYCK8	BS	15.58	26.22	38.84	-9.61	48.46	556.12	408.5	177.49
BYYCK9	BS	15.58	26.22	38.84	-9.61	48.46	556.12	408.5	177.49
BYYNPK1	BS	15.58	26.22	38.84	-9.61	48.46	556.12	408.5	177.49
BYYNPK2	BS	15.58	26.22	38.84	-9.61	48.46	556.12	408.5	177.49
BYYNPK3	BS	15.58	26.22	38.84	-9.61	48.46	556.12	408.5	177.49
BYYNPK4	BS	15.58	26.22	38.84	-9.61	48.46	556.12	408.5	177.49
BYYNPK5	BS	15.58	26.22	38.84	-9.61	48.46	556.12	408.5	177.49
BYYNPK6	BS	15.58	26.22	38.84	-9.61	48.46	556.12	408.5	177.49
BYYNPK7	BS	15.58	26.22	38.84	-9.61	48.46	556.12	408.5	177.49
BYYNPK8	BS	15.58	26.22	38.84	-9.61	48.46	556.12	408.5	177.49
BYYNPK9	BS	15.58	26.22	38.84	-9.61	48.46	556.12	408.5	177.49
BYYNPKM1	BS	15.58	26.22	38.84	-9.61	48.46	556.12	408.5	177.49
BYYNPKM2	BS	15.58	26.22	38.84	-9.61	48.46	556.12	408.5	177.49
BYYNPKM3	BS	15.58	26.22	38.84	-9.61	48.46	556.12	408.5	177.49
BYYNPKM4	BS	15.58	26.22	38.84	-9.61	48.46	556.12	408.5	177.49
BYYNPKM5	BS	15.58	26.22	38.84	-9.61	48.46	556.12	408.5	177.49
BYYNPKM6	BS	15.58	26.22	38.84	-9.61	48.46	556.12	408.5	177.49
BYYNPKM7	BS	15.58	26.22	38.84	-9.61	48.46	556.12	408.5	177.49
BYYNPKM8	BS	15.58	26.22	38.84	-9.61	48.46	556.12	408.5	177.49
BYYNPKM9	BS	15.58	26.22	38.84	-9.61	48.46	556.12	408.5	177.49
BJX20CK1	BS	18.8	24.65	37.89	-2.1	39.99	1802.5	1015.37	157.94
BJX20CK2	BS	18.8	24.65	37.89	-2.1	39.99	1802.5	1015.37	157.94
BJX20CK3	BS	18.8	24.65	37.89	-2.1	39.99	1802.5	1015.37	157.94
BJX20CK4	BS	18.8	24.65	37.89	-2.1	39.99	1802.5	1015.37	157.94
BJX20CK5	BS	18.8	24.65	37.89	-2.1	39.99	1802.5	1015.37	157.94
BJX20CK6	BS	18.8	24.65	37.89	-2.1	39.99	1802.5	1015.37	157.94
BJX20CK7	BS	18.8	24.65	37.89	-2.1	39.99	1802.5	1015.37	157.94
BJX20CK8	BS	18.8	24.65	37.89	-2.1	39.99	1802.5	1015.37	157.94
BJX20CK9	BS	18.8	24.65	37.89	-2.1	39.99	1802.5	1015.37	157.94
BJX20NPK1	BS	18.8	24.65	37.89	-2.1	39.99	1802.5	1015.37	157.94
BJX20NPK2	BS	18.8	24.65	37.89	-2.1	39.99	1802.5	1015.37	157.94
BJX20NPK3	BS	18.8	24.65	37.89	-2.1	39.99	1802.5	1015.37	157.94
BJX20NPK4	BS	18.8	24.65	37.89	-2.1	39.99	1802.5	1015.37	157.94
BJX20NPK5	BS	18.8	24.65	37.89	-2.1	39.99	1802.5	1015.37	157.94
BJX20NPK6	BS	18.8	24.65	37.89	-2.1	39.99	1802.5	1015.37	157.94
BJX20NPK7	BS	18.8	24.65	37.89	-2.1	39.99	1802.5	1015.37	157.94
BJX20NPK8	BS	18.8	24.65	37.89	-2.1	39.99	1802.5	1015.37	157.94
BJX20NPK9	BS	18.8	24.65	37.89	-2.1	39.99	1802.5	1015.37	157.94
BJX20NPKM1	BS	18.8	24.65	37.89	-2.1	39.99	1802.5	1015.37	157.94
BJX20NPKM2	BS	18.8	24.65	37.89	-2.1	39.99	1802.5	1015.37	157.94
BJX20NPKM3	BS	18.8	24.65	37.89	-2.1	39.99	1802.5	1015.37	157.94
BJX20NPKM4	BS	18.8	24.65	37.89	-2.1	39.99	1802.5	1015.37	157.94
BJX20NPKM5	BS	18.8	24.65	37.89	-2.1	39.99	1802.5	1015.37	157.94
BJX20NPKM6	BS	18.8	24.65	37.89	-2.1	39.99	1802.5	1015.37	157.94
BJX20NPKM7	BS	18.8	24.65	37.89	-2.1	39.99	1802.5	1015.37	157.94
BJX20NPKM8	BS	18.8	24.65	37.89	-2.1	39.99	1802.5	1015.37	157.94
BJX20NPKM9	BS	18.8	24.65	37.89	-2.1	39.99	1802.5	1015.37	157.94
BCCCK1	BS	6.48	21.14	33.96	-27.45	61.23	672.51	478.18	236.77
BCCCK2	BS	6.48	21.14	33.96	-27.45	61.23	672.51	478.18	236.77
BCCCK3	BS	6.48	21.14	33.96	-27.45	61.23	672.51	478.18	236.77
BCCNPK1	BS	6.48	21.14	33.96	-27.45	61.23	672.51	478.18	236.77
BCCNPK2	BS	6.48	21.14	33.96	-27.45	61.23	672.51	478.18	236.77
BCCNPK3	BS	6.48	21.14	33.96	-27.45	61.23	672.51	478.18	236.77
BCCNPKM1	BS	6.48	21.14	33.96	-27.45	61.23	672.51	478.18	236.77
BCCNPKM2	BS	6.48	21.14	33.96	-27.45	61.23	672.51	478.18	236.77
BCCNPKM3	BS	6.48	21.14	33.96	-27.45	61.23	672.51	478.18	236.77
BHL20CK1	BS	2.39	19.07	33.59	-35.03	68.62	633.61	479.66	231.68
BHL20CK2	BS	2.39	19.07	33.59	-35.03	68.62	633.61	479.66	231.68
BHL20CK3	BS	2.39	19.07	33.59	-35.03	68.62	633.61	479.66	231.68
BHL20NPK1	BS	2.39	19.07	33.59	-35.03	68.62	633.61	479.66	231.68
BHL20NPK2	BS	2.39	19.07	33.59	-35.03	68.62	633.61	479.66	231.68
BHL20NPK3	BS	2.39	19.07	33.59	-35.03	68.62	633.61	479.66	231.68
BHL20NPKM1	BS	2.39	19.07	33.59	-35.03	68.62	633.61	479.66	231.68
BHL20NPKM2	BS	2.39	19.07	33.59	-35.03	68.62	633.61	479.66	231.68
BHL20NPKM3	BS	2.39	19.07	33.59	-35.03	68.62	633.61	479.66	231.68
RQYCK1	RS	18.52	24.39	38.3	-1.39	39.36	1499.67	684	131.26
RQYCK2	RS	18.52	24.39	38.3	-1.39	39.36	1499.67	684	131.26
RQYCK3	RS	18.52	24.39	38.3	-1.39	39.36	1499.67	684	131.26
RQYCK4	RS	18.52	24.39	38.3	-1.39	39.36	1499.67	684	131.26
RQYCK5	RS	18.52	24.39	38.3	-1.39	39.36	1499.67	684	131.26
RQYCK6	RS	18.52	24.39	38.3	-1.39	39.36	1499.67	684	131.26
RQYCK7	RS	18.52	24.39	38.3	-1.39	39.36	1499.67	684	131.26
RQYCK8	RS	18.52	24.39	38.3	-1.39	39.36	1499.67	684	131.26
RQYCK9	RS	18.52	24.39	38.3	-1.39	39.36	1499.67	684	131.26
RQYNPK1	RS	18.52	24.39	38.3	-1.39	39.36	1499.67	684	131.26
RQYNPK2	RS	18.52	24.39	38.3	-1.39	39.36	1499.67	684	131.26
RQYNPK3	RS	18.52	24.39	38.3	-1.39	39.36	1499.67	684	131.26
RQYNPK4	RS	18.52	24.39	38.3	-1.39	39.36	1499.67	684	131.26
RQYNPK5	RS	18.52	24.39	38.3	-1.39	39.36	1499.67	684	131.26
RQYNPK6	RS	18.52	24.39	38.3	-1.39	39.36	1499.67	684	131.26
RQYNPK7	RS	18.52	24.39	38.3	-1.39	39.36	1499.67	684	131.26
RQYNPK8	RS	18.52	24.39	38.3	-1.39	39.36	1499.67	684	131.26
RQYNPK9	RS	18.52	24.39	38.3	-1.39	39.36	1499.67	684	131.26
RQYNPKM1	RS	18.52	24.39	38.3	-1.39	39.36	1499.67	684	131.26
RQYNPKM2	RS	18.52	24.39	38.3	-1.39	39.36	1499.67	684	131.26
RQYNPKM3	RS	18.52	24.39	38.3	-1.39	39.36	1499.67	684	131.26
RQYNPKM4	RS	18.52	24.39	38.3	-1.39	39.36	1499.67	684	131.26
RQYNPKM5	RS	18.52	24.39	38.3	-1.39	39.36	1499.67	684	131.26
RQYNPKM6	RS	18.52	24.39	38.3	-1.39	39.36	1499.67	684	131.26
RQYNPKM7	RS	18.52	24.39	38.3	-1.39	39.36	1499.67	684	131.26
RQYNPKM8	RS	18.52	24.39	38.3	-1.39	39.36	1499.67	684	131.26
RQYNPKM9	RS	18.52	24.39	38.3	-1.39	39.36	1499.67	684	131.26
RYCCK1	RS	14.46	25.74	38.3	-12.43	50.73	577	450.26	202.59
RYCCK2	RS	14.46	25.74	38.3	-12.43	50.73	577	450.26	202.59
RYCCK3	RS	14.46	25.74	38.3	-12.43	50.73	577	450.26	202.59
RYCCK4	RS	14.46	25.74	38.3	-12.43	50.73	577	450.26	202.59
RYCCK5	RS	14.46	25.74	38.3	-12.43	50.73	577	450.26	202.59
RYCCK6	RS	14.46	25.74	38.3	-12.43	50.73	577	450.26	202.59
RYCCK7	RS	14.46	25.74	38.3	-12.43	50.73	577	450.26	202.59
RYCCK8	RS	14.46	25.74	38.3	-12.43	50.73	577	450.26	202.59
RYCCK9	RS	14.46	25.74	38.3	-12.43	50.73	577	450.26	202.59
RYCNPK1	RS	14.46	25.74	38.3	-12.43	50.73	577	450.26	202.59
RYCNPK2	RS	14.46	25.74	38.3	-12.43	50.73	577	450.26	202.59
RYCNPK3	RS	14.46	25.74	38.3	-12.43	50.73	577	450.26	202.59
RYCNPK4	RS	14.46	25.74	38.3	-12.43	50.73	577	450.26	202.59
RYCNPK5	RS	14.46	25.74	38.3	-12.43	50.73	577	450.26	202.59
RYCNPK6	RS	14.46	25.74	38.3	-12.43	50.73	577	450.26	202.59
RYCNPK7	RS	14.46	25.74	38.3	-12.43	50.73	577	450.26	202.59
RYCNPK8	RS	14.46	25.74	38.3	-12.43	50.73	577	450.26	202.59
RYCNPK9	RS	14.46	25.74	38.3	-12.43	50.73	577	450.26	202.59
RYCNPKM1	RS	14.46	25.74	38.3	-12.43	50.73	577	450.26	202.59
RYCNPKM2	RS	14.46	25.74	38.3	-12.43	50.73	577	450.26	202.59
RYCNPKM3	RS	14.46	25.74	38.3	-12.43	50.73	577	450.26	202.59
RYCNPKM4	RS	14.46	25.74	38.3	-12.43	50.73	577	450.26	202.59
RYCNPKM5	RS	14.46	25.74	38.3	-12.43	50.73	577	450.26	202.59
RYCNPKM6	RS	14.46	25.74	38.3	-12.43	50.73	577	450.26	202.59
RYCNPKM7	RS	14.46	25.74	38.3	-12.43	50.73	577	450.26	202.59
RYCNPKM8	RS	14.46	25.74	38.3	-12.43	50.73	577	450.26	202.59
RYCNPKM9	RS	14.46	25.74	38.3	-12.43	50.73	577	450.26	202.59
RYYCK2	RS	15.58	26.22	38.84	-9.61	48.46	556.12	408.5	177.49
RYYCK3	RS	15.58	26.22	38.84	-9.61	48.46	556.12	408.5	177.49
RYYCK4	RS	15.58	26.22	38.84	-9.61	48.46	556.12	408.5	177.49
RYYCK5	RS	15.58	26.22	38.84	-9.61	48.46	556.12	408.5	177.49
RYYCK6	RS	15.58	26.22	38.84	-9.61	48.46	556.12	408.5	177.49
RYYCK7	RS	15.58	26.22	38.84	-9.61	48.46	556.12	408.5	177.49
RYYCK8	RS	15.58	26.22	38.84	-9.61	48.46	556.12	408.5	177.49
RYYCK9	RS	15.58	26.22	38.84	-9.61	48.46	556.12	408.5	177.49
RYYNPK1	RS	15.58	26.22	38.84	-9.61	48.46	556.12	408.5	177.49
RYYNPK2	RS	15.58	26.22	38.84	-9.61	48.46	556.12	408.5	177.49
RYYNPK3	RS	15.58	26.22	38.84	-9.61	48.46	556.12	408.5	177.49
RYYNPK4	RS	15.58	26.22	38.84	-9.61	48.46	556.12	408.5	177.49
RYYNPK5	RS	15.58	26.22	38.84	-9.61	48.46	556.12	408.5	177.49
RYYNPK6	RS	15.58	26.22	38.84	-9.61	48.46	556.12	408.5	177.49
RYYNPK7	RS	15.58	26.22	38.84	-9.61	48.46	556.12	408.5	177.49
RYYNPK8	RS	15.58	26.22	38.84	-9.61	48.46	556.12	408.5	177.49
RYYNPK9	RS	15.58	26.22	38.84	-9.61	48.46	556.12	408.5	177.49
RYYNPKM1	RS	15.58	26.22	38.84	-9.61	48.46	556.12	408.5	177.49
RYYNPKM2	RS	15.58	26.22	38.84	-9.61	48.46	556.12	408.5	177.49
RYYNPKM3	RS	15.58	26.22	38.84	-9.61	48.46	556.12	408.5	177.49
RYYNPKM4	RS	15.58	26.22	38.84	-9.61	48.46	556.12	408.5	177.49
RYYNPKM5	RS	15.58	26.22	38.84	-9.61	48.46	556.12	408.5	177.49
RYYNPKM6	RS	15.58	26.22	38.84	-9.61	48.46	556.12	408.5	177.49
RYYNPKM7	RS	15.58	26.22	38.84	-9.61	48.46	556.12	408.5	177.49
RYYNPKM8	RS	15.58	26.22	38.84	-9.61	48.46	556.12	408.5	177.49
RYYNPKM9	RS	15.58	26.22	38.84	-9.61	48.46	556.12	408.5	177.49
RCCSCK1	RS	6.48	21.14	33.96	-27.45	61.23	672.51	478.18	236.77
RCCSCK2	RS	6.48	21.14	33.96	-27.45	61.23	672.51	478.18	236.77
RCCSCK3	RS	6.48	21.14	33.96	-27.45	61.23	672.51	478.18	236.77
RCCSNPK1	RS	6.48	21.14	33.96	-27.45	61.23	672.51	478.18	236.77
RCCSNPK2	RS	6.48	21.14	33.96	-27.45	61.23	672.51	478.18	236.77
RCCSNPK3	RS	6.48	21.14	33.96	-27.45	61.23	672.51	478.18	236.77
RCCSNPKM1	RS	6.48	21.14	33.96	-27.45	61.23	672.51	478.18	236.77
RCCSNPKM2	RS	6.48	21.14	33.96	-27.45	61.23	672.51	478.18	236.77
RCCSNPKM3	RS	6.48	21.14	33.96	-27.45	61.23	672.51	478.18	236.77
RCCLCK1	RS	6.48	21.14	33.96	-27.45	61.23	672.51	478.18	236.77
RCCLCK2	RS	6.48	21.14	33.96	-27.45	61.23	672.51	478.18	236.77
RCCLCK3	RS	6.48	21.14	33.96	-27.45	61.23	672.51	478.18	236.77
RCCLNPK1	RS	6.48	21.14	33.96	-27.45	61.23	672.51	478.18	236.77
RCCLNPK2	RS	6.48	21.14	33.96	-27.45	61.23	672.51	478.18	236.77
RCCLNPK3	RS	6.48	21.14	33.96	-27.45	61.23	672.51	478.18	236.77
RCCLNPKM1	RS	6.48	21.14	33.96	-27.45	61.23	672.51	478.18	236.77
RCCLNPKM2	RS	6.48	21.14	33.96	-27.45	61.23	672.51	478.18	236.77
RCCLNPKM3	RS	6.48	21.14	33.96	-27.45	61.23	672.51	478.18	236.77
RJX20CK1	RS	18.8	24.65	37.89	-2.1	39.99	1802.5	1015.37	157.94
RJX20CK2	RS	18.8	24.65	37.89	-2.1	39.99	1802.5	1015.37	157.94
RJX20CK3	RS	18.8	24.65	37.89	-2.1	39.99	1802.5	1015.37	157.94
RJX20CK4	RS	18.8	24.65	37.89	-2.1	39.99	1802.5	1015.37	157.94
RJX20CK5	RS	18.8	24.65	37.89	-2.1	39.99	1802.5	1015.37	157.94
RJX20CK6	RS	18.8	24.65	37.89	-2.1	39.99	1802.5	1015.37	157.94
RJX20CK7	RS	18.8	24.65	37.89	-2.1	39.99	1802.5	1015.37	157.94
RJX20CK8	RS	18.8	24.65	37.89	-2.1	39.99	1802.5	1015.37	157.94
RJX20CK9	RS	18.8	24.65	37.89	-2.1	39.99	1802.5	1015.37	157.94
RJX20NPK1	RS	18.8	24.65	37.89	-2.1	39.99	1802.5	1015.37	157.94
RJX20NPK2	RS	18.8	24.65	37.89	-2.1	39.99	1802.5	1015.37	157.94
RJX20NPK3	RS	18.8	24.65	37.89	-2.1	39.99	1802.5	1015.37	157.94
RJX20NPK4	RS	18.8	24.65	37.89	-2.1	39.99	1802.5	1015.37	157.94
RJX20NPK5	RS	18.8	24.65	37.89	-2.1	39.99	1802.5	1015.37	157.94
RJX20NPK6	RS	18.8	24.65	37.89	-2.1	39.99	1802.5	1015.37	157.94
RJX20NPK7	RS	18.8	24.65	37.89	-2.1	39.99	1802.5	1015.37	157.94
RJX20NPK8	RS	18.8	24.65	37.89	-2.1	39.99	1802.5	1015.37	157.94
RJX20NPK9	RS	18.8	24.65	37.89	-2.1	39.99	1802.5	1015.37	157.94
RJX20NPKM1	RS	18.8	24.65	37.89	-2.1	39.99	1802.5	1015.37	157.94
RJX20NPKM2	RS	18.8	24.65	37.89	-2.1	39.99	1802.5	1015.37	157.94
RJX20NPKM3	RS	18.8	24.65	37.89	-2.1	39.99	1802.5	1015.37	157.94
RJX20NPKM4	RS	18.8	24.65	37.89	-2.1	39.99	1802.5	1015.37	157.94
RJX20NPKM5	RS	18.8	24.65	37.89	-2.1	39.99	1802.5	1015.37	157.94
RJX20NPKM8	RS	18.8	24.65	37.89	-2.1	39.99	1802.5	1015.37	157.94
RJX20NPKM9	RS	18.8	24.65	37.89	-2.1	39.99	1802.5	1015.37	157.94
RHL20SCK1	RS	18.8	24.65	37.89	-2.1	39.99	1802.5	1015.37	157.94
RHL20SCK2	RS	18.8	24.65	37.89	-2.1	39.99	1802.5	1015.37	157.94
RHL20SCK3	RS	2.39	19.07	33.59	-35.03	68.62	633.61	479.66	231.68
RHL20SNPK1	RS	2.39	19.07	33.59	-35.03	68.62	633.61	479.66	231.68
RHL20SNPK2	RS	2.39	19.07	33.59	-35.03	68.62	633.61	479.66	231.68
RHL20SNPK3	RS	2.39	19.07	33.59	-35.03	68.62	633.61	479.66	231.68
RHL20SNPKM1	RS	2.39	19.07	33.59	-35.03	68.62	633.61	479.66	231.68
RHL20SNPKM2	RS	2.39	19.07	33.59	-35.03	68.62	633.61	479.66	231.68
RHL20SNPKM3	RS	2.39	19.07	33.59	-35.03	68.62	633.61	479.66	231.68
RHL20LCK1	RS	2.39	19.07	33.59	-35.03	68.62	633.61	479.66	231.68
RHL20LCK2	RS	2.39	19.07	33.59	-35.03	68.62	633.61	479.66	231.68
RHL20LCK3	RS	2.39	19.07	33.59	-35.03	68.62	633.61	479.66	231.68
RHL20LNPK1	RS	2.39	19.07	33.59	-35.03	68.62	633.61	479.66	231.68
RHL20LNPK2	RS	2.39	19.07	33.59	-35.03	68.62	633.61	479.66	231.68
RHL20LNPK3	RS	2.39	19.07	33.59	-35.03	68.62	633.61	479.66	231.68
RHL20LNPKM1	RS	2.39	19.07	33.59	-35.03	68.62	633.61	479.66	231.68
RHL20LNPKM2	RS	2.39	19.07	33.59	-35.03	68.62	633.61	479.66	231.68
RHL20LNPKM3	RS	2.39	19.07	33.59	-35.03	68.62	633.61	479.66	231.68
REQYCK1	RE	18.52	24.39	38.3	-1.39	39.36	1499.67	684	131.26
REQYCK2	RE	18.52	24.39	38.3	-1.39	39.36	1499.67	684	131.26
REQYCK3	RE	18.52	24.39	38.3	-1.39	39.36	1499.67	684	131.26
REQYCK4	RE	18.52	24.39	38.3	-1.39	39.36	1499.67	684	131.26
REQYCK5	RE	18.52	24.39	38.3	-1.39	39.36	1499.67	684	131.26
REQYCK6	RE	18.52	24.39	38.3	-1.39	39.36	1499.67	684	131.26
REQYCK7	RE	18.52	24.39	38.3	-1.39	39.36	1499.67	684	131.26
REQYCK8	RE	18.52	24.39	38.3	-1.39	39.36	1499.67	684	131.26
REQYCK9	RE	18.52	24.39	38.3	-1.39	39.36	1499.67	684	131.26
REQYNPK1	RE	18.52	24.39	38.3	-1.39	39.36	1499.67	684	131.26
REQYNPK2	RE	18.52	24.39	38.3	-1.39	39.36	1499.67	684	131.26
REQYNPK3	RE	18.52	24.39	38.3	-1.39	39.36	1499.67	684	131.26
REQYNPK4	RE	18.52	24.39	38.3	-1.39	39.36	1499.67	684	131.26
REQYNPK5	RE	18.52	24.39	38.3	-1.39	39.36	1499.67	684	131.26
REQYNPK6	RE	18.52	24.39	38.3	-1.39	39.36	1499.67	684	131.26
REQYNPK7	RE	18.52	24.39	38.3	-1.39	39.36	1499.67	684	131.26
REQYNPK8	RE	18.52	24.39	38.3	-1.39	39.36	1499.67	684	131.26
REQYNPK9	RE	18.52	24.39	38.3	-1.39	39.36	1499.67	684	131.26
REQYNPKM1	RE	18.52	24.39	38.3	-1.39	39.36	1499.67	684	131.26
REQYNPKM2	RE	18.52	24.39	38.3	-1.39	39.36	1499.67	684	131.26
REQYNPKM3	RE	18.52	24.39	38.3	-1.39	39.36	1499.67	684	131.26
REQYNPKM4	RE	18.52	24.39	38.3	-1.39	39.36	1499.67	684	131.26
REQYNPKM5	RE	18.52	24.39	38.3	-1.39	39.36	1499.67	684	131.26
REQYNPKM6	RE	18.52	24.39	38.3	-1.39	39.36	1499.67	684	131.26
REQYNPKM7	RE	18.52	24.39	38.3	-1.39	39.36	1499.67	684	131.26
REQYNPKM8	RE	18.52	24.39	38.3	-1.39	39.36	1499.67	684	131.26
REQYNPKM9	RE	18.52	24.39	38.3	-1.39	39.36	1499.67	684	131.26
REYCCK1	RE	14.46	25.74	38.3	-12.43	50.73	577	450.26	202.59
REYCCK2	RE	14.46	25.74	38.3	-12.43	50.73	577	450.26	202.59
REYCCK3	RE	14.46	25.74	38.3	-12.43	50.73	577	450.26	202.59
REYCCK4	RE	14.46	25.74	38.3	-12.43	50.73	577	450.26	202.59
REYCCK5	RE	14.46	25.74	38.3	-12.43	50.73	577	450.26	202.59
REYCCK6	RE	14.46	25.74	38.3	-12.43	50.73	577	450.26	202.59
REYCCK7	RE	14.46	25.74	38.3	-12.43	50.73	577	450.26	202.59
REYCCK8	RE	14.46	25.74	38.3	-12.43	50.73	577	450.26	202.59
REYCCK9	RE	14.46	25.74	38.3	-12.43	50.73	577	450.26	202.59
REYCNPK1	RE	14.46	25.74	38.3	-12.43	50.73	577	450.26	202.59
REYCNPK2	RE	14.46	25.74	38.3	-12.43	50.73	577	450.26	202.59
REYCNPK3	RE	14.46	25.74	38.3	-12.43	50.73	577	450.26	202.59
REYCNPK4	RE	14.46	25.74	38.3	-12.43	50.73	577	450.26	202.59
REYCNPK5	RE	14.46	25.74	38.3	-12.43	50.73	577	450.26	202.59
REYCNPK6	RE	14.46	25.74	38.3	-12.43	50.73	577	450.26	202.59
REYCNPK7	RE	14.46	25.74	38.3	-12.43	50.73	577	450.26	202.59
REYCNPK8	RE	14.46	25.74	38.3	-12.43	50.73	577	450.26	202.59
REYCNPK9	RE	14.46	25.74	38.3	-12.43	50.73	577	450.26	202.59
REYCNPKM1	RE	14.46	25.74	38.3	-12.43	50.73	577	450.26	202.59
REYCNPKM2	RE	14.46	25.74	38.3	-12.43	50.73	577	450.26	202.59
REYCNPKM3	RE	14.46	25.74	38.3	-12.43	50.73	577	450.26	202.59
REYCNPKM4	RE	14.46	25.74	38.3	-12.43	50.73	577	450.26	202.59
REYCNPKM5	RE	14.46	25.74	38.3	-12.43	50.73	577	450.26	202.59
REYCNPKM6	RE	14.46	25.74	38.3	-12.43	50.73	577	450.26	202.59
REYCNPKM7	RE	14.46	25.74	38.3	-12.43	50.73	577	450.26	202.59
REYCNPKM8	RE	14.46	25.74	38.3	-12.43	50.73	577	450.26	202.59
REYCNPKM9	RE	14.46	25.74	38.3	-12.43	50.73	577	450.26	202.59
REYYCK1	RE	15.58	26.22	38.84	-9.61	48.46	556.12	408.5	177.49
REYYCK2	RE	15.58	26.22	38.84	-9.61	48.46	556.12	408.5	177.49
REYYCK3	RE	15.58	26.22	38.84	-9.61	48.46	556.12	408.5	177.49
REYYCK4	RE	15.58	26.22	38.84	-9.61	48.46	556.12	408.5	177.49
REYYCK5	RE	15.58	26.22	38.84	-9.61	48.46	556.12	408.5	177.49
REYYCK6	RE	15.58	26.22	38.84	-9.61	48.46	556.12	408.5	177.49
REYYCK7	RE	15.58	26.22	38.84	-9.61	48.46	556.12	408.5	177.49
REYYCK8	RE	15.58	26.22	38.84	-9.61	48.46	556.12	408.5	177.49
REYYCK9	RE	15.58	26.22	38.84	-9.61	48.46	556.12	408.5	177.49
REYYNPK1	RE	15.58	26.22	38.84	-9.61	48.46	556.12	408.5	177.49
REYYNPK2	RE	15.58	26.22	38.84	-9.61	48.46	556.12	408.5	177.49
REYYNPK3	RE	15.58	26.22	38.84	-9.61	48.46	556.12	408.5	177.49
REYYNPK4	RE	15.58	26.22	38.84	-9.61	48.46	556.12	408.5	177.49
REYYNPK5	RE	15.58	26.22	38.84	-9.61	48.46	556.12	408.5	177.49
REYYNPK6	RE	15.58	26.22	38.84	-9.61	48.46	556.12	408.5	177.49
REYYNPK7	RE	15.58	26.22	38.84	-9.61	48.46	556.12	408.5	177.49
REYYNPK8	RE	15.58	26.22	38.84	-9.61	48.46	556.12	408.5	177.49
REYYNPK9	RE	15.58	26.22	38.84	-9.61	48.46	556.12	408.5	177.49
REYYNPKM1	RE	15.58	26.22	38.84	-9.61	48.46	556.12	408.5	177.49
REYYNPKM2	RE	15.58	26.22	38.84	-9.61	48.46	556.12	408.5	177.49
REYYNPKM3	RE	15.58	26.22	38.84	-9.61	48.46	556.12	408.5	177.49
REYYNPKM4	RE	15.58	26.22	38.84	-9.61	48.46	556.12	408.5	177.49
REYYNPKM5	RE	15.58	26.22	38.84	-9.61	48.46	556.12	408.5	177.49
REYYNPKM6	RE	15.58	26.22	38.84	-9.61	48.46	556.12	408.5	177.49
REYYNPKM7	RE	15.58	26.22	38.84	-9.61	48.46	556.12	408.5	177.49
REYYNPKM8	RE	15.58	26.22	38.84	-9.61	48.46	556.12	408.5	177.49
REYYNPKM9	RE	15.58	26.22	38.84	-9.61	48.46	556.12	408.5	177.49
RECCSCK1	RE	6.48	21.14	33.96	-27.45	61.23	672.51	478.18	236.77
RECCSCK2	RE	6.48	21.14	33.96	-27.45	61.23	672.51	478.18	236.77
RECCSCK3	RE	6.48	21.14	33.96	-27.45	61.23	672.51	478.18	236.77
RECCSNPK1	RE	6.48	21.14	33.96	-27.45	61.23	672.51	478.18	236.77
RECCSNPK2	RE	6.48	21.14	33.96	-27.45	61.23	672.51	478.18	236.77
RECCSNPK3	RE	6.48	21.14	33.96	-27.45	61.23	672.51	478.18	236.77
RECCSNPKM1	RE	6.48	21.14	33.96	-27.45	61.23	672.51	478.18	236.77
RECCSNPKM2	RE	6.48	21.14	33.96	-27.45	61.23	672.51	478.18	236.77
RECCSNPKM3	RE	6.48	21.14	33.96	-27.45	61.23	672.51	478.18	236.77
RECCLCK1	RE	6.48	21.14	33.96	-27.45	61.23	672.51	478.18	236.77
RECCLCK2	RE	6.48	21.14	33.96	-27.45	61.23	672.51	478.18	236.77
RECCLCK3	RE	6.48	21.14	33.96	-27.45	61.23	672.51	478.18	236.77
RECCLNPK1	RE	6.48	21.14	33.96	-27.45	61.23	672.51	478.18	236.77
RECCLNPK2	RE	6.48	21.14	33.96	-27.45	61.23	672.51	478.18	236.77
RECCLNPK3	RE	6.48	21.14	33.96	-27.45	61.23	672.51	478.18	236.77
RECCLNPKM1	RE	6.48	21.14	33.96	-27.45	61.23	672.51	478.18	236.77
RECCLNPKM2	RE	6.48	21.14	33.96	-27.45	61.23	672.51	478.18	236.77
RECCLNPKM3	RE	6.48	21.14	33.96	-27.45	61.23	672.51	478.18	236.77
REJX20CK1	RE	18.8	24.65	37.89	-2.1	39.99	1802.5	1015.37	157.94
REJX20CK2	RE	18.8	24.65	37.89	-2.1	39.99	1802.5	1015.37	157.94
REJX20CK3	RE	18.8	24.65	37.89	-2.1	39.99	1802.5	1015.37	157.94
REJX20CK4	RE	18.8	24.65	37.89	-2.1	39.99	1802.5	1015.37	157.94
REJX20CK5	RE	18.8	24.65	37.89	-2.1	39.99	1802.5	1015.37	157.94
REJX20CK6	RE	18.8	24.65	37.89	-2.1	39.99	1802.5	1015.37	157.94
REJX20CK7	RE	18.8	24.65	37.89	-2.1	39.99	1802.5	1015.37	157.94
REJX20CK8	RE	18.8	24.65	37.89	-2.1	39.99	1802.5	1015.37	157.94
REJX20CK9	RE	18.8	24.65	37.89	-2.1	39.99	1802.5	1015.37	157.94
REJX20NPK1	RE	18.8	24.65	37.89	-2.1	39.99	1802.5	1015.37	157.94
REJX20NPK2	RE	18.8	24.65	37.89	-2.1	39.99	1802.5	1015.37	157.94
REJX20NPK3	RE	18.8	24.65	37.89	-2.1	39.99	1802.5	1015.37	157.94
REJX20NPK4	RE	18.8	24.65	37.89	-2.1	39.99	1802.5	1015.37	157.94
REJX20NPK5	RE	18.8	24.65	37.89	-2.1	39.99	1802.5	1015.37	157.94
REJX20NPK6	RE	18.8	24.65	37.89	-2.1	39.99	1802.5	1015.37	157.94
REJX20NPK7	RE	18.8	24.65	37.89	-2.1	39.99	1802.5	1015.37	157.94
REJX20NPK8	RE	18.8	24.65	37.89	-2.1	39.99	1802.5	1015.37	157.94
REJX20NPK9	RE	18.8	24.65	37.89	-2.1	39.99	1802.5	1015.37	157.94
REJX20NPKM1	RE	18.8	24.65	37.89	-2.1	39.99	1802.5	1015.37	157.94
REJX20NPKM2	RE	18.8	24.65	37.89	-2.1	39.99	1802.5	1015.37	157.94
REJX20NPKM3	RE	18.8	24.65	37.89	-2.1	39.99	1802.5	1015.37	157.94
REJX20NPKM4	RE	18.8	24.65	37.89	-2.1	39.99	1802.5	1015.37	157.94
REJX20NPKM5	RE	18.8	24.65	37.89	-2.1	39.99	1802.5	1015.37	157.94
REJX20NPKM6	RE	18.8	24.65	37.89	-2.1	39.99	1802.5	1015.37	157.94
REJX20NPKM8	RE	18.8	24.65	37.89	-2.1	39.99	1802.5	1015.37	157.94
REJX20NPKM9	RE	18.8	24.65	37.89	-2.1	39.99	1802.5	1015.37	157.94
REHL20SCK1	RE	2.39	19.07	33.59	-35.03	68.62	633.61	479.66	231.68
REHL20SCK2	RE	2.39	19.07	33.59	-35.03	68.62	633.61	479.66	231.68
REHL20SCK3	RE	2.39	19.07	33.59	-35.03	68.62	633.61	479.66	231.68
REHL20SNPK1	RE	2.39	19.07	33.59	-35.03	68.62	633.61	479.66	231.68
REHL20SNPK2	RE	2.39	19.07	33.59	-35.03	68.62	633.61	479.66	231.68
REHL20SNPK3	RE	2.39	19.07	33.59	-35.03	68.62	633.61	479.66	231.68
REHL20SNPKM1	RE	2.39	19.07	33.59	-35.03	68.62	633.61	479.66	231.68
REHL20SNPKM2	RE	2.39	19.07	33.59	-35.03	68.62	633.61	479.66	231.68
REHL20SNPKM3	RE	2.39	19.07	33.59	-35.03	68.62	633.61	479.66	231.68
REHL20LNPK1	RE	2.39	19.07	33.59	-35.03	68.62	633.61	479.66	231.68
REHL20LNPK2	RE	2.39	19.07	33.59	-35.03	68.62	633.61	479.66	231.68
REHL20LNPKM1	RE	2.39	19.07	33.59	-35.03	68.62	633.61	479.66	231.68
REHL20LNPKM2	RE	2.39	19.07	33.59	-35.03	68.62	633.61	479.66	231.68
XEQYCK1	VE	18.52	24.39	38.3	-1.39	39.36	1499.67	684	131.26
XEQYCK4	VE	18.52	24.39	38.3	-1.39	39.36	1499.67	684	131.26
XEQYCK5	VE	18.52	24.39	38.3	-1.39	39.36	1499.67	684	131.26
XEQYCK6	VE	18.52	24.39	38.3	-1.39	39.36	1499.67	684	131.26
XEQYCK7	VE	18.52	24.39	38.3	-1.39	39.36	1499.67	684	131.26
XEQYCK8	VE	18.52	24.39	38.3	-1.39	39.36	1499.67	684	131.26
XEQYCK9	VE	18.52	24.39	38.3	-1.39	39.36	1499.67	684	131.26
XEQYNPK1	VE	18.52	24.39	38.3	-1.39	39.36	1499.67	684	131.26
XEQYNPK2	VE	18.52	24.39	38.3	-1.39	39.36	1499.67	684	131.26
XEQYNPK4	VE	18.52	24.39	38.3	-1.39	39.36	1499.67	684	131.26
XEQYNPK6	VE	18.52	24.39	38.3	-1.39	39.36	1499.67	684	131.26
XEQYNPK7	VE	18.52	24.39	38.3	-1.39	39.36	1499.67	684	131.26
XEQYNPK8	VE	18.52	24.39	38.3	-1.39	39.36	1499.67	684	131.26
XEQYNPK9	VE	18.52	24.39	38.3	-1.39	39.36	1499.67	684	131.26
XEQYNPKM1	VE	18.52	24.39	38.3	-1.39	39.36	1499.67	684	131.26
XEQYNPKM2	VE	18.52	24.39	38.3	-1.39	39.36	1499.67	684	131.26
XEQYNPKM3	VE	18.52	24.39	38.3	-1.39	39.36	1499.67	684	131.26
XEQYNPKM4	VE	18.52	24.39	38.3	-1.39	39.36	1499.67	684	131.26
XEQYNPKM5	VE	18.52	24.39	38.3	-1.39	39.36	1499.67	684	131.26
XEQYNPKM6	VE	18.52	24.39	38.3	-1.39	39.36	1499.67	684	131.26
XEQYNPKM7	VE	18.52	24.39	38.3	-1.39	39.36	1499.67	684	131.26
XEQYNPKM8	VE	18.52	24.39	38.3	-1.39	39.36	1499.67	684	131.26
XEQYNPKM9	VE	18.52	24.39	38.3	-1.39	39.36	1499.67	684	131.26
XEYCCK1	VE	14.46	25.74	38.3	-12.43	50.73	577	450.26	202.59
XEYCCK2	VE	14.46	25.74	38.3	-12.43	50.73	577	450.26	202.59
XEYCCK3	VE	14.46	25.74	38.3	-12.43	50.73	577	450.26	202.59
XEYCCK4	VE	14.46	25.74	38.3	-12.43	50.73	577	450.26	202.59
XEYCCK5	VE	14.46	25.74	38.3	-12.43	50.73	577	450.26	202.59
XEYCCK6	VE	14.46	25.74	38.3	-12.43	50.73	577	450.26	202.59
XEYCCK7	VE	14.46	25.74	38.3	-12.43	50.73	577	450.26	202.59
XEYCCK8	VE	14.46	25.74	38.3	-12.43	50.73	577	450.26	202.59
XEYCCK9	VE	14.46	25.74	38.3	-12.43	50.73	577	450.26	202.59
XEYCNPK1	VE	14.46	25.74	38.3	-12.43	50.73	577	450.26	202.59
XEYCNPK2	VE	14.46	25.74	38.3	-12.43	50.73	577	450.26	202.59
XEYCNPK3	VE	14.46	25.74	38.3	-12.43	50.73	577	450.26	202.59
XEYCNPK4	VE	14.46	25.74	38.3	-12.43	50.73	577	450.26	202.59
XEYCNPK5	VE	14.46	25.74	38.3	-12.43	50.73	577	450.26	202.59
XEYCNPK6	VE	14.46	25.74	38.3	-12.43	50.73	577	450.26	202.59
XEYCNPK7	VE	14.46	25.74	38.3	-12.43	50.73	577	450.26	202.59
XEYCNPK8	VE	14.46	25.74	38.3	-12.43	50.73	577	450.26	202.59
XEYCNPK9	VE	14.46	25.74	38.3	-12.43	50.73	577	450.26	202.59
XEYCNPKM1	VE	14.46	25.74	38.3	-12.43	50.73	577	450.26	202.59
XEYCNPKM2	VE	14.46	25.74	38.3	-12.43	50.73	577	450.26	202.59
XEYCNPKM3	VE	14.46	25.74	38.3	-12.43	50.73	577	450.26	202.59
XEYCNPKM4	VE	14.46	25.74	38.3	-12.43	50.73	577	450.26	202.59
XEYCNPKM5	VE	14.46	25.74	38.3	-12.43	50.73	577	450.26	202.59
XEYCNPKM6	VE	14.46	25.74	38.3	-12.43	50.73	577	450.26	202.59
XEYCNPKM7	VE	14.46	25.74	38.3	-12.43	50.73	577	450.26	202.59
XEYCNPKM8	VE	14.46	25.74	38.3	-12.43	50.73	577	450.26	202.59
XEYCNPKM9	VE	14.46	25.74	38.3	-12.43	50.73	577	450.26	202.59
XEYYCK1	VE	15.58	26.22	38.84	-9.61	48.46	556.12	408.5	177.49
XEYYCK2	VE	15.58	26.22	38.84	-9.61	48.46	556.12	408.5	177.49
XEYYCK4	VE	15.58	26.22	38.84	-9.61	48.46	556.12	408.5	177.49
XEYYCK5	VE	15.58	26.22	38.84	-9.61	48.46	556.12	408.5	177.49
XEYYCK6	VE	15.58	26.22	38.84	-9.61	48.46	556.12	408.5	177.49
XEYYCK7	VE	15.58	26.22	38.84	-9.61	48.46	556.12	408.5	177.49
XEYYCK8	VE	15.58	26.22	38.84	-9.61	48.46	556.12	408.5	177.49
XEYYCK9	VE	15.58	26.22	38.84	-9.61	48.46	556.12	408.5	177.49
XEYYNPK1	VE	15.58	26.22	38.84	-9.61	48.46	556.12	408.5	177.49
XEYYNPK2	VE	15.58	26.22	38.84	-9.61	48.46	556.12	408.5	177.49
XEYYNPK3	VE	15.58	26.22	38.84	-9.61	48.46	556.12	408.5	177.49
XEYYNPK4	VE	15.58	26.22	38.84	-9.61	48.46	556.12	408.5	177.49
XEYYNPK5	VE	15.58	26.22	38.84	-9.61	48.46	556.12	408.5	177.49
XEYYNPK6	VE	15.58	26.22	38.84	-9.61	48.46	556.12	408.5	177.49
XEYYNPK8	VE	15.58	26.22	38.84	-9.61	48.46	556.12	408.5	177.49
XEYYNPK9	VE	15.58	26.22	38.84	-9.61	48.46	556.12	408.5	177.49
XEYYNPKM1	VE	15.58	26.22	38.84	-9.61	48.46	556.12	408.5	177.49
XEYYNPKM2	VE	15.58	26.22	38.84	-9.61	48.46	556.12	408.5	177.49
XEYYNPKM3	VE	15.58	26.22	38.84	-9.61	48.46	556.12	408.5	177.49
XEYYNPKM4	VE	15.58	26.22	38.84	-9.61	48.46	556.12	408.5	177.49
XEYYNPKM5	VE	15.58	26.22	38.84	-9.61	48.46	556.12	408.5	177.49
XEYYNPKM6	VE	15.58	26.22	38.84	-9.61	48.46	556.12	408.5	177.49
XEYYNPKM7	VE	15.58	26.22	38.84	-9.61	48.46	556.12	408.5	177.49
XEYYNPKM8	VE	15.58	26.22	38.84	-9.61	48.46	556.12	408.5	177.49
XEYYNPKM9	VE	15.58	26.22	38.84	-9.61	48.46	556.12	408.5	177.49
XECCCK1	VE	6.48	21.14	33.96	-27.45	61.23	672.51	478.18	236.77
XECCCK2	VE	6.48	21.14	33.96	-27.45	61.23	672.51	478.18	236.77
XECCCK3	VE	6.48	21.14	33.96	-27.45	61.23	672.51	478.18	236.77
XECCNPK1	VE	6.48	21.14	33.96	-27.45	61.23	672.51	478.18	236.77
XECCNPK2	VE	6.48	21.14	33.96	-27.45	61.23	672.51	478.18	236.77
XECCNPK3	VE	6.48	21.14	33.96	-27.45	61.23	672.51	478.18	236.77
XECCNPKM1	VE	6.48	21.14	33.96	-27.45	61.23	672.51	478.18	236.77
XECCNPKM2	VE	6.48	21.14	33.96	-27.45	61.23	672.51	478.18	236.77
XECCNPKM3	VE	6.48	21.14	33.96	-27.45	61.23	672.51	478.18	236.77
XEJX20CK1	VE	18.8	24.65	37.89	-2.1	39.99	1802.5	1015.37	157.94
XEJX20CK2	VE	18.8	24.65	37.89	-2.1	39.99	1802.5	1015.37	157.94
XEJX20CK3	VE	18.8	24.65	37.89	-2.1	39.99	1802.5	1015.37	157.94
XEJX20CK4	VE	18.8	24.65	37.89	-2.1	39.99	1802.5	1015.37	157.94
XEJX20CK5	VE	18.8	24.65	37.89	-2.1	39.99	1802.5	1015.37	157.94
XEJX20CK6	VE	18.8	24.65	37.89	-2.1	39.99	1802.5	1015.37	157.94
XEJX20CK7	VE	18.8	24.65	37.89	-2.1	39.99	1802.5	1015.37	157.94
XEJX20CK8	VE	18.8	24.65	37.89	-2.1	39.99	1802.5	1015.37	157.94
XEJX20CK9	VE	18.8	24.65	37.89	-2.1	39.99	1802.5	1015.37	157.94
XEJX20NPK1	VE	18.8	24.65	37.89	-2.1	39.99	1802.5	1015.37	157.94
XEJX20NPK2	VE	18.8	24.65	37.89	-2.1	39.99	1802.5	1015.37	157.94
XEJX20NPK3	VE	18.8	24.65	37.89	-2.1	39.99	1802.5	1015.37	157.94
XEJX20NPK4	VE	18.8	24.65	37.89	-2.1	39.99	1802.5	1015.37	157.94
XEJX20NPK5	VE	18.8	24.65	37.89	-2.1	39.99	1802.5	1015.37	157.94
XEJX20NPK6	VE	18.8	24.65	37.89	-2.1	39.99	1802.5	1015.37	157.94
XEJX20NPK7	VE	18.8	24.65	37.89	-2.1	39.99	1802.5	1015.37	157.94
XEJX20NPK8	VE	18.8	24.65	37.89	-2.1	39.99	1802.5	1015.37	157.94
XEJX20NPK9	VE	18.8	24.65	37.89	-2.1	39.99	1802.5	1015.37	157.94
XEJX20NPKM1	VE	18.8	24.65	37.89	-2.1	39.99	1802.5	1015.37	157.94
XEJX20NPKM2	VE	18.8	24.65	37.89	-2.1	39.99	1802.5	1015.37	157.94
XEJX20NPKM3	VE	18.8	24.65	37.89	-2.1	39.99	1802.5	1015.37	157.94
XEJX20NPKM4	VE	18.8	24.65	37.89	-2.1	39.99	1802.5	1015.37	157.94
XEJX20NPKM5	VE	18.8	24.65	37.89	-2.1	39.99	1802.5	1015.37	157.94
XEJX20NPKM6	VE	18.8	24.65	37.89	-2.1	39.99	1802.5	1015.37	157.94
XEJX20NPKM7	VE	18.8	24.65	37.89	-2.1	39.99	1802.5	1015.37	157.94
XEJX20NPKM8	VE	18.8	24.65	37.89	-2.1	39.99	1802.5	1015.37	157.94
XEJX20NPKM9	VE	18.8	24.65	37.89	-2.1	39.99	1802.5	1015.37	157.94
XEHL20CK1	VE	2.39	19.07	33.59	-35.03	68.62	633.61	479.66	231.68
XEHL20CK2	VE	2.39	19.07	33.59	-35.03	68.62	633.61	479.66	231.68
XEHL20CK3	VE	2.39	19.07	33.59	-35.03	68.62	633.61	479.66	231.68
XEHL20NPK2	VE	2.39	19.07	33.59	-35.03	68.62	633.61	479.66	231.68
XEHL20NPK3	VE	2.39	19.07	33.59	-35.03	68.62	633.61	479.66	231.68
XEHL20NPKM1	VE	2.39	19.07	33.59	-35.03	68.62	633.61	479.66	231.68
XEHL20NPKM2	VE	2.39	19.07	33.59	-35.03	68.62	633.61	479.66	231.68
XEHL20NPKM3	VE	2.39	19.07	33.59	-35.03	68.62	633.61	479.66	231.68
SEQYCK1	SE	18.52	24.39	38.3	-1.39	39.36	1499.67	684	131.26
SEQYCK2	SE	18.52	24.39	38.3	-1.39	39.36	1499.67	684	131.26
SEQYCK3	SE	18.52	24.39	38.3	-1.39	39.36	1499.67	684	131.26
SEQYCK4	SE	18.52	24.39	38.3	-1.39	39.36	1499.67	684	131.26
SEQYCK5	SE	18.52	24.39	38.3	-1.39	39.36	1499.67	684	131.26
SEQYCK6	SE	18.52	24.39	38.3	-1.39	39.36	1499.67	684	131.26
SEQYCK7	SE	18.52	24.39	38.3	-1.39	39.36	1499.67	684	131.26
SEQYCK9	SE	18.52	24.39	38.3	-1.39	39.36	1499.67	684	131.26
SEQYNPK1	SE	18.52	24.39	38.3	-1.39	39.36	1499.67	684	131.26
SEQYNPK2	SE	18.52	24.39	38.3	-1.39	39.36	1499.67	684	131.26
SEQYNPK3	SE	18.52	24.39	38.3	-1.39	39.36	1499.67	684	131.26
SEQYNPK4	SE	18.52	24.39	38.3	-1.39	39.36	1499.67	684	131.26
SEQYNPK5	SE	18.52	24.39	38.3	-1.39	39.36	1499.67	684	131.26
SEQYNPK6	SE	18.52	24.39	38.3	-1.39	39.36	1499.67	684	131.26
SEQYNPK7	SE	18.52	24.39	38.3	-1.39	39.36	1499.67	684	131.26
SEQYNPK8	SE	18.52	24.39	38.3	-1.39	39.36	1499.67	684	131.26
SEQYNPK9	SE	18.52	24.39	38.3	-1.39	39.36	1499.67	684	131.26
SEQYNPKM1	SE	18.52	24.39	38.3	-1.39	39.36	1499.67	684	131.26
SEQYNPKM2	SE	18.52	24.39	38.3	-1.39	39.36	1499.67	684	131.26
SEQYNPKM3	SE	18.52	24.39	38.3	-1.39	39.36	1499.67	684	131.26
SEQYNPKM4	SE	18.52	24.39	38.3	-1.39	39.36	1499.67	684	131.26
SEQYNPKM5	SE	18.52	24.39	38.3	-1.39	39.36	1499.67	684	131.26
SEQYNPKM6	SE	18.52	24.39	38.3	-1.39	39.36	1499.67	684	131.26
SEQYNPKM7	SE	18.52	24.39	38.3	-1.39	39.36	1499.67	684	131.26
SEQYNPKM8	SE	18.52	24.39	38.3	-1.39	39.36	1499.67	684	131.26
SEQYNPKM9	SE	18.52	24.39	38.3	-1.39	39.36	1499.67	684	131.26
SEYCCK1	SE	14.46	25.74	38.3	-12.43	50.73	577	450.26	202.59
SEYCCK2	SE	14.46	25.74	38.3	-12.43	50.73	577	450.26	202.59
SEYCCK3	SE	14.46	25.74	38.3	-12.43	50.73	577	450.26	202.59
SEYCCK4	SE	14.46	25.74	38.3	-12.43	50.73	577	450.26	202.59
SEYCCK5	SE	14.46	25.74	38.3	-12.43	50.73	577	450.26	202.59
SEYCCK6	SE	14.46	25.74	38.3	-12.43	50.73	577	450.26	202.59
SEYCCK7	SE	14.46	25.74	38.3	-12.43	50.73	577	450.26	202.59
SEYCCK8	SE	14.46	25.74	38.3	-12.43	50.73	577	450.26	202.59
SEYCCK9	SE	14.46	25.74	38.3	-12.43	50.73	577	450.26	202.59
SEYCNPK2	SE	14.46	25.74	38.3	-12.43	50.73	577	450.26	202.59
SEYCNPK3	SE	14.46	25.74	38.3	-12.43	50.73	577	450.26	202.59
SEYCNPK4	SE	14.46	25.74	38.3	-12.43	50.73	577	450.26	202.59
SEYCNPK5	SE	14.46	25.74	38.3	-12.43	50.73	577	450.26	202.59
SEYCNPK6	SE	14.46	25.74	38.3	-12.43	50.73	577	450.26	202.59
SEYCNPK7	SE	14.46	25.74	38.3	-12.43	50.73	577	450.26	202.59
SEYCNPK8	SE	14.46	25.74	38.3	-12.43	50.73	577	450.26	202.59
SEYCNPK9	SE	14.46	25.74	38.3	-12.43	50.73	577	450.26	202.59
SEYCNPKM1	SE	14.46	25.74	38.3	-12.43	50.73	577	450.26	202.59
SEYCNPKM2	SE	14.46	25.74	38.3	-12.43	50.73	577	450.26	202.59
SEYCNPKM3	SE	14.46	25.74	38.3	-12.43	50.73	577	450.26	202.59
SEYCNPKM4	SE	14.46	25.74	38.3	-12.43	50.73	577	450.26	202.59
SEYCNPKM5	SE	14.46	25.74	38.3	-12.43	50.73	577	450.26	202.59
SEYCNPKM6	SE	14.46	25.74	38.3	-12.43	50.73	577	450.26	202.59
SEYCNPKM7	SE	14.46	25.74	38.3	-12.43	50.73	577	450.26	202.59
SEYCNPKM8	SE	14.46	25.74	38.3	-12.43	50.73	577	450.26	202.59
SEYCNPKM9	SE	14.46	25.74	38.3	-12.43	50.73	577	450.26	202.59
SEYYCK1	SE	15.58	26.22	38.84	-9.61	48.46	556.12	408.5	177.49
SEYYCK2	SE	15.58	26.22	38.84	-9.61	48.46	556.12	408.5	177.49
SEYYCK3	SE	15.58	26.22	38.84	-9.61	48.46	556.12	408.5	177.49
SEYYCK4	SE	15.58	26.22	38.84	-9.61	48.46	556.12	408.5	177.49
SEYYCK5	SE	15.58	26.22	38.84	-9.61	48.46	556.12	408.5	177.49
SEYYCK6	SE	15.58	26.22	38.84	-9.61	48.46	556.12	408.5	177.49
SEYYCK7	SE	15.58	26.22	38.84	-9.61	48.46	556.12	408.5	177.49
SEYYCK8	SE	15.58	26.22	38.84	-9.61	48.46	556.12	408.5	177.49
SEYYCK9	SE	15.58	26.22	38.84	-9.61	48.46	556.12	408.5	177.49
SEYYNPK1	SE	15.58	26.22	38.84	-9.61	48.46	556.12	408.5	177.49
SEYYNPK2	SE	15.58	26.22	38.84	-9.61	48.46	556.12	408.5	177.49
SEYYNPK3	SE	15.58	26.22	38.84	-9.61	48.46	556.12	408.5	177.49
SEYYNPK4	SE	15.58	26.22	38.84	-9.61	48.46	556.12	408.5	177.49
SEYYNPK5	SE	15.58	26.22	38.84	-9.61	48.46	556.12	408.5	177.49
SEYYNPK6	SE	15.58	26.22	38.84	-9.61	48.46	556.12	408.5	177.49
SEYYNPK7	SE	15.58	26.22	38.84	-9.61	48.46	556.12	408.5	177.49
SEYYNPK8	SE	15.58	26.22	38.84	-9.61	48.46	556.12	408.5	177.49
SEYYNPK9	SE	15.58	26.22	38.84	-9.61	48.46	556.12	408.5	177.49
SEYYNPKM1	SE	15.58	26.22	38.84	-9.61	48.46	556.12	408.5	177.49
SEYYNPKM2	SE	15.58	26.22	38.84	-9.61	48.46	556.12	408.5	177.49
SEYYNPKM3	SE	15.58	26.22	38.84	-9.61	48.46	556.12	408.5	177.49
SEYYNPKM4	SE	15.58	26.22	38.84	-9.61	48.46	556.12	408.5	177.49
SEYYNPKM5	SE	15.58	26.22	38.84	-9.61	48.46	556.12	408.5	177.49
SEYYNPKM6	SE	15.58	26.22	38.84	-9.61	48.46	556.12	408.5	177.49
SEYYNPKM7	SE	15.58	26.22	38.84	-9.61	48.46	556.12	408.5	177.49
SEYYNPKM8	SE	15.58	26.22	38.84	-9.61	48.46	556.12	408.5	177.49
SEYYNPKM9	SE	15.58	26.22	38.84	-9.61	48.46	556.12	408.5	177.49
SECCCK1	SE	6.48	21.14	33.96	-27.45	61.23	672.51	478.18	236.77
SECCCK2	SE	6.48	21.14	33.96	-27.45	61.23	672.51	478.18	236.77
SECCCK3	SE	6.48	21.14	33.96	-27.45	61.23	672.51	478.18	236.77
SECCNPK1	SE	6.48	21.14	33.96	-27.45	61.23	672.51	478.18	236.77
SECCNPK2	SE	6.48	21.14	33.96	-27.45	61.23	672.51	478.18	236.77
SECCNPK3	SE	6.48	21.14	33.96	-27.45	61.23	672.51	478.18	236.77
SECCNPKM1	SE	6.48	21.14	33.96	-27.45	61.23	672.51	478.18	236.77
SECCNPKM2	SE	6.48	21.14	33.96	-27.45	61.23	672.51	478.18	236.77
SECCNPKM3	SE	6.48	21.14	33.96	-27.45	61.23	672.51	478.18	236.77
SEJX20CK1	SE	18.8	24.65	37.89	-2.1	39.99	1802.5	1015.37	157.94
SEJX20CK2	SE	18.8	24.65	37.89	-2.1	39.99	1802.5	1015.37	157.94
SEJX20CK3	SE	18.8	24.65	37.89	-2.1	39.99	1802.5	1015.37	157.94
SEJX20CK4	SE	18.8	24.65	37.89	-2.1	39.99	1802.5	1015.37	157.94
SEJX20CK5	SE	18.8	24.65	37.89	-2.1	39.99	1802.5	1015.37	157.94
SEJX20CK6	SE	18.8	24.65	37.89	-2.1	39.99	1802.5	1015.37	157.94
SEJX20CK7	SE	18.8	24.65	37.89	-2.1	39.99	1802.5	1015.37	157.94
SEJX20CK9	SE	18.8	24.65	37.89	-2.1	39.99	1802.5	1015.37	157.94
SEJX20NPK1	SE	18.8	24.65	37.89	-2.1	39.99	1802.5	1015.37	157.94
SEJX20NPK2	SE	18.8	24.65	37.89	-2.1	39.99	1802.5	1015.37	157.94
SEJX20NPK3	SE	18.8	24.65	37.89	-2.1	39.99	1802.5	1015.37	157.94
SEJX20NPK4	SE	18.8	24.65	37.89	-2.1	39.99	1802.5	1015.37	157.94
SEJX20NPK5	SE	18.8	24.65	37.89	-2.1	39.99	1802.5	1015.37	157.94
SEJX20NPK6	SE	18.8	24.65	37.89	-2.1	39.99	1802.5	1015.37	157.94
SEJX20NPK7	SE	18.8	24.65	37.89	-2.1	39.99	1802.5	1015.37	157.94
SEJX20NPK8	SE	18.8	24.65	37.89	-2.1	39.99	1802.5	1015.37	157.94
SEJX20NPK9	SE	18.8	24.65	37.89	-2.1	39.99	1802.5	1015.37	157.94
SEJX20NPKM1	SE	18.8	24.65	37.89	-2.1	39.99	1802.5	1015.37	157.94
SEJX20NPKM2	SE	18.8	24.65	37.89	-2.1	39.99	1802.5	1015.37	157.94
SEJX20NPKM3	SE	18.8	24.65	37.89	-2.1	39.99	1802.5	1015.37	157.94
SEJX20NPKM4	SE	18.8	24.65	37.89	-2.1	39.99	1802.5	1015.37	157.94
SEJX20NPKM5	SE	18.8	24.65	37.89	-2.1	39.99	1802.5	1015.37	157.94
SEJX20NPKM8	SE	18.8	24.65	37.89	-2.1	39.99	1802.5	1015.37	157.94
SEJX20NPKM9	SE	18.8	24.65	37.89	-2.1	39.99	1802.5	1015.37	157.94
SEHL20CK1	SE	2.39	19.07	33.59	-35.03	68.62	633.61	479.66	231.68
SEHL20CK2	SE	2.39	19.07	33.59	-35.03	68.62	633.61	479.66	231.68
SEHL20CK3	SE	2.39	19.07	33.59	-35.03	68.62	633.61	479.66	231.68
SEHL20NPK1	SE	2.39	19.07	33.59	-35.03	68.62	633.61	479.66	231.68
SEHL20NPK2	SE	2.39	19.07	33.59	-35.03	68.62	633.61	479.66	231.68
SEHL20NPK3	SE	2.39	19.07	33.59	-35.03	68.62	633.61	479.66	231.68
SEHL20NPKM1	SE	2.39	19.07	33.59	-35.03	68.62	633.61	479.66	231.68
SEHL20NPKM2	SE	2.39	19.07	33.59	-35.03	68.62	633.61	479.66	231.68
LEQYCK1	LE	18.52	24.39	38.3	-1.39	39.36	1499.67	684	131.26
LEQYCK2	LE	18.52	24.39	38.3	-1.39	39.36	1499.67	684	131.26
LEQYCK3	LE	18.52	24.39	38.3	-1.39	39.36	1499.67	684	131.26
LEQYCK4	LE	18.52	24.39	38.3	-1.39	39.36	1499.67	684	131.26
LEQYCK6	LE	18.52	24.39	38.3	-1.39	39.36	1499.67	684	131.26
LEQYCK7	LE	18.52	24.39	38.3	-1.39	39.36	1499.67	684	131.26
LEQYCK8	LE	18.52	24.39	38.3	-1.39	39.36	1499.67	684	131.26
LEQYNPK1	LE	18.52	24.39	38.3	-1.39	39.36	1499.67	684	131.26
LEQYNPK2	LE	18.52	24.39	38.3	-1.39	39.36	1499.67	684	131.26
LEQYNPK3	LE	18.52	24.39	38.3	-1.39	39.36	1499.67	684	131.26
LEQYNPK4	LE	18.52	24.39	38.3	-1.39	39.36	1499.67	684	131.26
LEQYNPK5	LE	18.52	24.39	38.3	-1.39	39.36	1499.67	684	131.26
LEQYNPK6	LE	18.52	24.39	38.3	-1.39	39.36	1499.67	684	131.26
LEQYNPK7	LE	18.52	24.39	38.3	-1.39	39.36	1499.67	684	131.26
LEQYNPK8	LE	18.52	24.39	38.3	-1.39	39.36	1499.67	684	131.26
LEQYNPKM1	LE	18.52	24.39	38.3	-1.39	39.36	1499.67	684	131.26
LEQYNPKM2	LE	18.52	24.39	38.3	-1.39	39.36	1499.67	684	131.26
LEQYNPKM3	LE	18.52	24.39	38.3	-1.39	39.36	1499.67	684	131.26
LEQYNPKM4	LE	18.52	24.39	38.3	-1.39	39.36	1499.67	684	131.26
LEQYNPKM5	LE	18.52	24.39	38.3	-1.39	39.36	1499.67	684	131.26
LEQYNPKM6	LE	18.52	24.39	38.3	-1.39	39.36	1499.67	684	131.26
LEQYNPKM7	LE	18.52	24.39	38.3	-1.39	39.36	1499.67	684	131.26
LEQYNPKM8	LE	18.52	24.39	38.3	-1.39	39.36	1499.67	684	131.26
LEQYNPKM9	LE	18.52	24.39	38.3	-1.39	39.36	1499.67	684	131.26
LEYCCK1	LE	14.46	25.74	38.3	-12.43	50.73	577	450.26	202.59
LEYCCK2	LE	14.46	25.74	38.3	-12.43	50.73	577	450.26	202.59
LEYCCK3	LE	14.46	25.74	38.3	-12.43	50.73	577	450.26	202.59
LEYCCK4	LE	14.46	25.74	38.3	-12.43	50.73	577	450.26	202.59
LEYCCK5	LE	14.46	25.74	38.3	-12.43	50.73	577	450.26	202.59
LEYCCK6	LE	14.46	25.74	38.3	-12.43	50.73	577	450.26	202.59
LEYCCK7	LE	14.46	25.74	38.3	-12.43	50.73	577	450.26	202.59
LEYCCK8	LE	14.46	25.74	38.3	-12.43	50.73	577	450.26	202.59
LEYCCK9	LE	14.46	25.74	38.3	-12.43	50.73	577	450.26	202.59
LEYCNPK1	LE	14.46	25.74	38.3	-12.43	50.73	577	450.26	202.59
LEYCNPK2	LE	14.46	25.74	38.3	-12.43	50.73	577	450.26	202.59
LEYCNPK3	LE	14.46	25.74	38.3	-12.43	50.73	577	450.26	202.59
LEYCNPK4	LE	14.46	25.74	38.3	-12.43	50.73	577	450.26	202.59
LEYCNPK5	LE	14.46	25.74	38.3	-12.43	50.73	577	450.26	202.59
LEYCNPK6	LE	14.46	25.74	38.3	-12.43	50.73	577	450.26	202.59
LEYCNPK7	LE	14.46	25.74	38.3	-12.43	50.73	577	450.26	202.59
LEYCNPK8	LE	14.46	25.74	38.3	-12.43	50.73	577	450.26	202.59
LEYCNPK9	LE	14.46	25.74	38.3	-12.43	50.73	577	450.26	202.59
LEYCNPKM1	LE	14.46	25.74	38.3	-12.43	50.73	577	450.26	202.59
LEYCNPKM2	LE	14.46	25.74	38.3	-12.43	50.73	577	450.26	202.59
LEYCNPKM3	LE	14.46	25.74	38.3	-12.43	50.73	577	450.26	202.59
LEYCNPKM4	LE	14.46	25.74	38.3	-12.43	50.73	577	450.26	202.59
LEYCNPKM5	LE	14.46	25.74	38.3	-12.43	50.73	577	450.26	202.59
LEYCNPKM6	LE	14.46	25.74	38.3	-12.43	50.73	577	450.26	202.59
LEYCNPKM7	LE	14.46	25.74	38.3	-12.43	50.73	577	450.26	202.59
LEYCNPKM8	LE	14.46	25.74	38.3	-12.43	50.73	577	450.26	202.59
LEYCNPKM9	LE	14.46	25.74	38.3	-12.43	50.73	577	450.26	202.59
LEYYCK1	LE	15.58	26.22	38.84	-9.61	48.46	556.12	408.5	177.49
LEYYCK2	LE	15.58	26.22	38.84	-9.61	48.46	556.12	408.5	177.49
LEYYCK3	LE	15.58	26.22	38.84	-9.61	48.46	556.12	408.5	177.49
LEYYCK4	LE	15.58	26.22	38.84	-9.61	48.46	556.12	408.5	177.49
LEYYCK5	LE	15.58	26.22	38.84	-9.61	48.46	556.12	408.5	177.49
LEYYCK6	LE	15.58	26.22	38.84	-9.61	48.46	556.12	408.5	177.49
LEYYCK7	LE	15.58	26.22	38.84	-9.61	48.46	556.12	408.5	177.49
LEYYCK8	LE	15.58	26.22	38.84	-9.61	48.46	556.12	408.5	177.49
LEYYCK9	LE	15.58	26.22	38.84	-9.61	48.46	556.12	408.5	177.49
LEYYNPK1	LE	15.58	26.22	38.84	-9.61	48.46	556.12	408.5	177.49
LEYYNPK2	LE	15.58	26.22	38.84	-9.61	48.46	556.12	408.5	177.49
LEYYNPK3	LE	15.58	26.22	38.84	-9.61	48.46	556.12	408.5	177.49
LEYYNPK4	LE	15.58	26.22	38.84	-9.61	48.46	556.12	408.5	177.49
LEYYNPK5	LE	15.58	26.22	38.84	-9.61	48.46	556.12	408.5	177.49
LEYYNPK6	LE	15.58	26.22	38.84	-9.61	48.46	556.12	408.5	177.49
LEYYNPK7	LE	15.58	26.22	38.84	-9.61	48.46	556.12	408.5	177.49
LEYYNPK8	LE	15.58	26.22	38.84	-9.61	48.46	556.12	408.5	177.49
LEYYNPK9	LE	15.58	26.22	38.84	-9.61	48.46	556.12	408.5	177.49
LEYYNPKM1	LE	15.58	26.22	38.84	-9.61	48.46	556.12	408.5	177.49
LEYYNPKM2	LE	15.58	26.22	38.84	-9.61	48.46	556.12	408.5	177.49
LEYYNPKM3	LE	15.58	26.22	38.84	-9.61	48.46	556.12	408.5	177.49
LEYYNPKM4	LE	15.58	26.22	38.84	-9.61	48.46	556.12	408.5	177.49
LEYYNPKM5	LE	15.58	26.22	38.84	-9.61	48.46	556.12	408.5	177.49
LEYYNPKM6	LE	15.58	26.22	38.84	-9.61	48.46	556.12	408.5	177.49
LEYYNPKM7	LE	15.58	26.22	38.84	-9.61	48.46	556.12	408.5	177.49
LEYYNPKM8	LE	15.58	26.22	38.84	-9.61	48.46	556.12	408.5	177.49
LEYYNPKM9	LE	15.58	26.22	38.84	-9.61	48.46	556.12	408.5	177.49
LECCCK1	LE	6.48	21.14	33.96	-27.45	61.23	672.51	478.18	236.77
LECCCK2	LE	6.48	21.14	33.96	-27.45	61.23	672.51	478.18	236.77
LECCCK3	LE	6.48	21.14	33.96	-27.45	61.23	672.51	478.18	236.77
LECCCK4	LE	6.48	21.14	33.96	-27.45	61.23	672.51	478.18	236.77
LECCCK5	LE	6.48	21.14	33.96	-27.45	61.23	672.51	478.18	236.77
LECCCK6	LE	6.48	21.14	33.96	-27.45	61.23	672.51	478.18	236.77
LECCCK7	LE	6.48	21.14	33.96	-27.45	61.23	672.51	478.18	236.77
LECCCK8	LE	6.48	21.14	33.96	-27.45	61.23	672.51	478.18	236.77
LECCCK9	LE	6.48	21.14	33.96	-27.45	61.23	672.51	478.18	236.77
LECCNPK1	LE	6.48	21.14	33.96	-27.45	61.23	672.51	478.18	236.77
LECCNPK2	LE	6.48	21.14	33.96	-27.45	61.23	672.51	478.18	236.77
LECCNPK3	LE	6.48	21.14	33.96	-27.45	61.23	672.51	478.18	236.77
LECCNPK4	LE	6.48	21.14	33.96	-27.45	61.23	672.51	478.18	236.77
LECCNPK5	LE	6.48	21.14	33.96	-27.45	61.23	672.51	478.18	236.77
LECCNPK6	LE	6.48	21.14	33.96	-27.45	61.23	672.51	478.18	236.77
LECCNPK7	LE	6.48	21.14	33.96	-27.45	61.23	672.51	478.18	236.77
LECCNPK8	LE	6.48	21.14	33.96	-27.45	61.23	672.51	478.18	236.77
LECCNPK9	LE	6.48	21.14	33.96	-27.45	61.23	672.51	478.18	236.77
LECCNPKM1	LE	6.48	21.14	33.96	-27.45	61.23	672.51	478.18	236.77
LECCNPKM2	LE	6.48	21.14	33.96	-27.45	61.23	672.51	478.18	236.77
LECCNPKM3	LE	6.48	21.14	33.96	-27.45	61.23	672.51	478.18	236.77
LECCNPKM4	LE	6.48	21.14	33.96	-27.45	61.23	672.51	478.18	236.77
LECCNPKM5	LE	6.48	21.14	33.96	-27.45	61.23	672.51	478.18	236.77
LECCNPKM6	LE	6.48	21.14	33.96	-27.45	61.23	672.51	478.18	236.77
LECCNPKM7	LE	6.48	21.14	33.96	-27.45	61.23	672.51	478.18	236.77
LECCNPKM8	LE	6.48	21.14	33.96	-27.45	61.23	672.51	478.18	236.77
LECCNPKM9	LE	6.48	21.14	33.96	-27.45	61.23	672.51	478.18	236.77
LEJX20CK1	LE	18.8	24.65	37.89	-2.1	39.99	1802.5	1015.37	157.94
LEJX20CK2	LE	18.8	24.65	37.89	-2.1	39.99	1802.5	1015.37	157.94
LEJX20CK3	LE	18.8	24.65	37.89	-2.1	39.99	1802.5	1015.37	157.94
LEJX20CK4	LE	18.8	24.65	37.89	-2.1	39.99	1802.5	1015.37	157.94
LEJX20CK5	LE	18.8	24.65	37.89	-2.1	39.99	1802.5	1015.37	157.94
LEJX20CK6	LE	18.8	24.65	37.89	-2.1	39.99	1802.5	1015.37	157.94
LEJX20CK7	LE	18.8	24.65	37.89	-2.1	39.99	1802.5	1015.37	157.94
LEJX20CK8	LE	18.8	24.65	37.89	-2.1	39.99	1802.5	1015.37	157.94
LEJX20CK9	LE	18.8	24.65	37.89	-2.1	39.99	1802.5	1015.37	157.94
LEJX20NPK1	LE	18.8	24.65	37.89	-2.1	39.99	1802.5	1015.37	157.94
LEJX20NPK2	LE	18.8	24.65	37.89	-2.1	39.99	1802.5	1015.37	157.94
LEJX20NPK3	LE	18.8	24.65	37.89	-2.1	39.99	1802.5	1015.37	157.94
LEJX20NPK4	LE	18.8	24.65	37.89	-2.1	39.99	1802.5	1015.37	157.94
LEJX20NPK5	LE	18.8	24.65	37.89	-2.1	39.99	1802.5	1015.37	157.94
LEJX20NPK6	LE	18.8	24.65	37.89	-2.1	39.99	1802.5	1015.37	157.94
LEJX20NPK7	LE	18.8	24.65	37.89	-2.1	39.99	1802.5	1015.37	157.94
LEJX20NPK8	LE	18.8	24.65	37.89	-2.1	39.99	1802.5	1015.37	157.94
LEJX20NPK9	LE	18.8	24.65	37.89	-2.1	39.99	1802.5	1015.37	157.94
LEJX20NPKM1	LE	18.8	24.65	37.89	-2.1	39.99	1802.5	1015.37	157.94
LEJX20NPKM2	LE	18.8	24.65	37.89	-2.1	39.99	1802.5	1015.37	157.94
LEJX20NPKM3	LE	18.8	24.65	37.89	-2.1	39.99	1802.5	1015.37	157.94
LEJX20NPKM4	LE	18.8	24.65	37.89	-2.1	39.99	1802.5	1015.37	157.94
LEJX20NPKM5	LE	18.8	24.65	37.89	-2.1	39.99	1802.5	1015.37	157.94
LEJX20NPKM6	LE	18.8	24.65	37.89	-2.1	39.99	1802.5	1015.37	157.94
LEJX20NPKM7	LE	18.8	24.65	37.89	-2.1	39.99	1802.5	1015.37	157.94
LEJX20NPKM8	LE	18.8	24.65	37.89	-2.1	39.99	1802.5	1015.37	157.94
LEJX20NPKM9	LE	18.8	24.65	37.89	-2.1	39.99	1802.5	1015.37	157.94
LEHL20CK1	LE	2.39	19.07	33.59	-35.03	68.62	633.61	479.66	231.68
LEHL20CK2	LE	2.39	19.07	33.59	-35.03	68.62	633.61	479.66	231.68
LEHL20CK3	LE	2.39	19.07	33.59	-35.03	68.62	633.61	479.66	231.68
LEHL20CK4	LE	2.39	19.07	33.59	-35.03	68.62	633.61	479.66	231.68
LEHL20CK5	LE	2.39	19.07	33.59	-35.03	68.62	633.61	479.66	231.68
LEHL20CK6	LE	2.39	19.07	33.59	-35.03	68.62	633.61	479.66	231.68
LEHL20CK7	LE	2.39	19.07	33.59	-35.03	68.62	633.61	479.66	231.68
LEHL20CK8	LE	2.39	19.07	33.59	-35.03	68.62	633.61	479.66	231.68
LEHL20CK9	LE	2.39	19.07	33.59	-35.03	68.62	633.61	479.66	231.68
LEHL20NPK1	LE	2.39	19.07	33.59	-35.03	68.62	633.61	479.66	231.68
LEHL20NPK2	LE	2.39	19.07	33.59	-35.03	68.62	633.61	479.66	231.68
LEHL20NPK3	LE	2.39	19.07	33.59	-35.03	68.62	633.61	479.66	231.68
LEHL20NPK4	LE	2.39	19.07	33.59	-35.03	68.62	633.61	479.66	231.68
LEHL20NPK5	LE	2.39	19.07	33.59	-35.03	68.62	633.61	479.66	231.68
LEHL20NPK6	LE	2.39	19.07	33.59	-35.03	68.62	633.61	479.66	231.68
LEHL20NPK7	LE	2.39	19.07	33.59	-35.03	68.62	633.61	479.66	231.68
LEHL20NPK8	LE	2.39	19.07	33.59	-35.03	68.62	633.61	479.66	231.68
LEHL20NPK9	LE	2.39	19.07	33.59	-35.03	68.62	633.61	479.66	231.68
LEHL20NPKM2	LE	2.39	19.07	33.59	-35.03	68.62	633.61	479.66	231.68
LEHL20NPKM3	LE	2.39	19.07	33.59	-35.03	68.62	633.61	479.66	231.68
LEHL20NPKM4	LE	2.39	19.07	33.59	-35.03	68.62	633.61	479.66	231.68
LEHL20NPKM5	LE	2.39	19.07	33.59	-35.03	68.62	633.61	479.66	231.68
LEHL20NPKM6	LE	2.39	19.07	33.59	-35.03	68.62	633.61	479.66	231.68
LEHL20NPKM7	LE	2.39	19.07	33.59	-35.03	68.62	633.61	479.66	231.68
LEHL20NPKM8	LE	2.39	19.07	33.59	-35.03	68.62	633.61	479.66	231.68
LEHL20NPKM9	LE	2.39	19.07	33.59	-35.03	68.62	633.61	479.66	231.68
LQYCK1	P	18.52	24.39	38.3	-1.39	39.36	1499.67	684	131.26
LQYCK2	P	18.52	24.39	38.3	-1.39	39.36	1499.67	684	131.26
LQYCK3	P	18.52	24.39	38.3	-1.39	39.36	1499.67	684	131.26
LQYCK4	P	18.52	24.39	38.3	-1.39	39.36	1499.67	684	131.26
LQYCK6	P	18.52	24.39	38.3	-1.39	39.36	1499.67	684	131.26
LQYCK7	P	18.52	24.39	38.3	-1.39	39.36	1499.67	684	131.26
LQYCK8	P	18.52	24.39	38.3	-1.39	39.36	1499.67	684	131.26
LQYNPK1	P	18.52	24.39	38.3	-1.39	39.36	1499.67	684	131.26
LQYNPK2	P	18.52	24.39	38.3	-1.39	39.36	1499.67	684	131.26
LQYNPK3	P	18.52	24.39	38.3	-1.39	39.36	1499.67	684	131.26
LQYNPK4	P	18.52	24.39	38.3	-1.39	39.36	1499.67	684	131.26
LQYNPK5	P	18.52	24.39	38.3	-1.39	39.36	1499.67	684	131.26
LQYNPK6	P	18.52	24.39	38.3	-1.39	39.36	1499.67	684	131.26
LQYNPK7	P	18.52	24.39	38.3	-1.39	39.36	1499.67	684	131.26
LQYNPK8	P	18.52	24.39	38.3	-1.39	39.36	1499.67	684	131.26
LQYNPKM1	P	18.52	24.39	38.3	-1.39	39.36	1499.67	684	131.26
LQYNPKM2	P	18.52	24.39	38.3	-1.39	39.36	1499.67	684	131.26
LQYNPKM3	P	18.52	24.39	38.3	-1.39	39.36	1499.67	684	131.26
LQYNPKM4	P	18.52	24.39	38.3	-1.39	39.36	1499.67	684	131.26
LQYNPKM5	P	18.52	24.39	38.3	-1.39	39.36	1499.67	684	131.26
LQYNPKM6	P	18.52	24.39	38.3	-1.39	39.36	1499.67	684	131.26
LQYNPKM7	P	18.52	24.39	38.3	-1.39	39.36	1499.67	684	131.26
LQYNPKM8	P	18.52	24.39	38.3	-1.39	39.36	1499.67	684	131.26
LQYNPKM9	P	18.52	24.39	38.3	-1.39	39.36	1499.67	684	131.26
LYCCK1	P	14.46	25.74	38.3	-12.43	50.73	577	450.26	202.59
LYCCK2	P	14.46	25.74	38.3	-12.43	50.73	577	450.26	202.59
LYCCK3	P	14.46	25.74	38.3	-12.43	50.73	577	450.26	202.59
LYCCK4	P	14.46	25.74	38.3	-12.43	50.73	577	450.26	202.59
LYCCK5	P	14.46	25.74	38.3	-12.43	50.73	577	450.26	202.59
LYCCK6	P	14.46	25.74	38.3	-12.43	50.73	577	450.26	202.59
LYCCK7	P	14.46	25.74	38.3	-12.43	50.73	577	450.26	202.59
LYCCK8	P	14.46	25.74	38.3	-12.43	50.73	577	450.26	202.59
LYCCK9	P	14.46	25.74	38.3	-12.43	50.73	577	450.26	202.59
LYCNPK1	P	14.46	25.74	38.3	-12.43	50.73	577	450.26	202.59
LYCNPK2	P	14.46	25.74	38.3	-12.43	50.73	577	450.26	202.59
LYCNPK3	P	14.46	25.74	38.3	-12.43	50.73	577	450.26	202.59
LYCNPK4	P	14.46	25.74	38.3	-12.43	50.73	577	450.26	202.59
LYCNPK5	P	14.46	25.74	38.3	-12.43	50.73	577	450.26	202.59
LYCNPK6	P	14.46	25.74	38.3	-12.43	50.73	577	450.26	202.59
LYCNPK7	P	14.46	25.74	38.3	-12.43	50.73	577	450.26	202.59
LYCNPK8	P	14.46	25.74	38.3	-12.43	50.73	577	450.26	202.59
LYCNPK9	P	14.46	25.74	38.3	-12.43	50.73	577	450.26	202.59
LYCNPKM1	P	14.46	25.74	38.3	-12.43	50.73	577	450.26	202.59
LYCNPKM3	P	14.46	25.74	38.3	-12.43	50.73	577	450.26	202.59
LYCNPKM4	P	14.46	25.74	38.3	-12.43	50.73	577	450.26	202.59
LYCNPKM5	P	14.46	25.74	38.3	-12.43	50.73	577	450.26	202.59
LYCNPKM6	P	14.46	25.74	38.3	-12.43	50.73	577	450.26	202.59
LYCNPKM7	P	14.46	25.74	38.3	-12.43	50.73	577	450.26	202.59
LYCNPKM8	P	14.46	25.74	38.3	-12.43	50.73	577	450.26	202.59
LYCNPKM9	P	14.46	25.74	38.3	-12.43	50.73	577	450.26	202.59
LYYCK1	P	15.58	26.22	38.84	-9.61	48.46	556.12	408.5	177.49
LYYCK2	P	15.58	26.22	38.84	-9.61	48.46	556.12	408.5	177.49
LYYCK3	P	15.58	26.22	38.84	-9.61	48.46	556.12	408.5	177.49
LYYCK4	P	15.58	26.22	38.84	-9.61	48.46	556.12	408.5	177.49
LYYCK5	P	15.58	26.22	38.84	-9.61	48.46	556.12	408.5	177.49
LYYCK6	P	15.58	26.22	38.84	-9.61	48.46	556.12	408.5	177.49
LYYCK7	P	15.58	26.22	38.84	-9.61	48.46	556.12	408.5	177.49
LYYCK8	P	15.58	26.22	38.84	-9.61	48.46	556.12	408.5	177.49
LYYCK9	P	15.58	26.22	38.84	-9.61	48.46	556.12	408.5	177.49
LYYNPK1	P	15.58	26.22	38.84	-9.61	48.46	556.12	408.5	177.49
LYYNPK3	P	15.58	26.22	38.84	-9.61	48.46	556.12	408.5	177.49
LYYNPK4	P	15.58	26.22	38.84	-9.61	48.46	556.12	408.5	177.49
LYYNPK5	P	15.58	26.22	38.84	-9.61	48.46	556.12	408.5	177.49
LYYNPK6	P	15.58	26.22	38.84	-9.61	48.46	556.12	408.5	177.49
LYYNPK7	P	15.58	26.22	38.84	-9.61	48.46	556.12	408.5	177.49
LYYNPK8	P	15.58	26.22	38.84	-9.61	48.46	556.12	408.5	177.49
LYYNPK9	P	15.58	26.22	38.84	-9.61	48.46	556.12	408.5	177.49
LYYNPKM1	P	15.58	26.22	38.84	-9.61	48.46	556.12	408.5	177.49
LYYNPKM2	P	15.58	26.22	38.84	-9.61	48.46	556.12	408.5	177.49
LYYNPKM3	P	15.58	26.22	38.84	-9.61	48.46	556.12	408.5	177.49
LYYNPKM4	P	15.58	26.22	38.84	-9.61	48.46	556.12	408.5	177.49
LYYNPKM5	P	15.58	26.22	38.84	-9.61	48.46	556.12	408.5	177.49
LYYNPKM6	P	15.58	26.22	38.84	-9.61	48.46	556.12	408.5	177.49
LYYNPKM7	P	15.58	26.22	38.84	-9.61	48.46	556.12	408.5	177.49
LYYNPKM8	P	15.58	26.22	38.84	-9.61	48.46	556.12	408.5	177.49
LYYNPKM9	P	15.58	26.22	38.84	-9.61	48.46	556.12	408.5	177.49
LCCCK1	P	6.48	21.14	33.96	-27.45	61.23	672.51	478.18	236.77
LCCCK2	P	6.48	21.14	33.96	-27.45	61.23	672.51	478.18	236.77
LCCCK3	P	6.48	21.14	33.96	-27.45	61.23	672.51	478.18	236.77
LCCCK4	P	6.48	21.14	33.96	-27.45	61.23	672.51	478.18	236.77
LCCCK5	P	6.48	21.14	33.96	-27.45	61.23	672.51	478.18	236.77
LCCCK6	P	6.48	21.14	33.96	-27.45	61.23	672.51	478.18	236.77
LCCCK7	P	6.48	21.14	33.96	-27.45	61.23	672.51	478.18	236.77
LCCCK8	P	6.48	21.14	33.96	-27.45	61.23	672.51	478.18	236.77
LCCCK9	P	6.48	21.14	33.96	-27.45	61.23	672.51	478.18	236.77
LCCNPK1	P	6.48	21.14	33.96	-27.45	61.23	672.51	478.18	236.77
LCCNPK2	P	6.48	21.14	33.96	-27.45	61.23	672.51	478.18	236.77
LCCNPK3	P	6.48	21.14	33.96	-27.45	61.23	672.51	478.18	236.77
LCCNPK4	P	6.48	21.14	33.96	-27.45	61.23	672.51	478.18	236.77
LCCNPK5	P	6.48	21.14	33.96	-27.45	61.23	672.51	478.18	236.77
LCCNPK6	P	6.48	21.14	33.96	-27.45	61.23	672.51	478.18	236.77
LCCNPK7	P	6.48	21.14	33.96	-27.45	61.23	672.51	478.18	236.77
LCCNPK8	P	6.48	21.14	33.96	-27.45	61.23	672.51	478.18	236.77
LCCNPK9	P	6.48	21.14	33.96	-27.45	61.23	672.51	478.18	236.77
LCCNPKM1	P	6.48	21.14	33.96	-27.45	61.23	672.51	478.18	236.77
LCCNPKM2	P	6.48	21.14	33.96	-27.45	61.23	672.51	478.18	236.77
LCCNPKM3	P	6.48	21.14	33.96	-27.45	61.23	672.51	478.18	236.77
LCCNPKM4	P	6.48	21.14	33.96	-27.45	61.23	672.51	478.18	236.77
LCCNPKM5	P	6.48	21.14	33.96	-27.45	61.23	672.51	478.18	236.77
LCCNPKM6	P	6.48	21.14	33.96	-27.45	61.23	672.51	478.18	236.77
LCCNPKM7	P	6.48	21.14	33.96	-27.45	61.23	672.51	478.18	236.77
LCCNPKM8	P	6.48	21.14	33.96	-27.45	61.23	672.51	478.18	236.77
LCCNPKM9	P	6.48	21.14	33.96	-27.45	61.23	672.51	478.18	236.77
LJX20CK1	P	18.8	24.65	37.89	-2.1	39.99	1802.5	1015.37	157.94
LJX20CK2	P	18.8	24.65	37.89	-2.1	39.99	1802.5	1015.37	157.94
LJX20CK3	P	18.8	24.65	37.89	-2.1	39.99	1802.5	1015.37	157.94
LJX20CK4	P	18.8	24.65	37.89	-2.1	39.99	1802.5	1015.37	157.94
LJX20CK6	P	18.8	24.65	37.89	-2.1	39.99	1802.5	1015.37	157.94
LJX20CK7	P	18.8	24.65	37.89	-2.1	39.99	1802.5	1015.37	157.94
LJX20CK8	P	18.8	24.65	37.89	-2.1	39.99	1802.5	1015.37	157.94
LJX20CK9	P	18.8	24.65	37.89	-2.1	39.99	1802.5	1015.37	157.94
LJX20NPK1	P	18.8	24.65	37.89	-2.1	39.99	1802.5	1015.37	157.94
LJX20NPK2	P	18.8	24.65	37.89	-2.1	39.99	1802.5	1015.37	157.94
LJX20NPK3	P	18.8	24.65	37.89	-2.1	39.99	1802.5	1015.37	157.94
LJX20NPK4	P	18.8	24.65	37.89	-2.1	39.99	1802.5	1015.37	157.94
LJX20NPK5	P	18.8	24.65	37.89	-2.1	39.99	1802.5	1015.37	157.94
LJX20NPK6	P	18.8	24.65	37.89	-2.1	39.99	1802.5	1015.37	157.94
LJX20NPK7	P	18.8	24.65	37.89	-2.1	39.99	1802.5	1015.37	157.94
LJX20NPK8	P	18.8	24.65	37.89	-2.1	39.99	1802.5	1015.37	157.94
LJX20NPK9	P	18.8	24.65	37.89	-2.1	39.99	1802.5	1015.37	157.94
LJX20NPKM1	P	18.8	24.65	37.89	-2.1	39.99	1802.5	1015.37	157.94
LJX20NPKM2	P	18.8	24.65	37.89	-2.1	39.99	1802.5	1015.37	157.94
LJX20NPKM3	P	18.8	24.65	37.89	-2.1	39.99	1802.5	1015.37	157.94
LJX20NPKM4	P	18.8	24.65	37.89	-2.1	39.99	1802.5	1015.37	157.94
LJX20NPKM5	P	18.8	24.65	37.89	-2.1	39.99	1802.5	1015.37	157.94
LJX20NPKM6	P	18.8	24.65	37.89	-2.1	39.99	1802.5	1015.37	157.94
LJX20NPKM7	P	18.8	24.65	37.89	-2.1	39.99	1802.5	1015.37	157.94
LJX20NPKM8	P	18.8	24.65	37.89	-2.1	39.99	1802.5	1015.37	157.94
LJX20NPKM9	P	18.8	24.65	37.89	-2.1	39.99	1802.5	1015.37	157.94
LHL20CK1	P	2.39	19.07	33.59	-35.03	68.62	633.61	479.66	231.68
LHL20CK2	P	2.39	19.07	33.59	-35.03	68.62	633.61	479.66	231.68
LHL20CK3	P	2.39	19.07	33.59	-35.03	68.62	633.61	479.66	231.68
LHL20CK4	P	2.39	19.07	33.59	-35.03	68.62	633.61	479.66	231.68
LHL20CK5	P	2.39	19.07	33.59	-35.03	68.62	633.61	479.66	231.68
LHL20CK6	P	2.39	19.07	33.59	-35.03	68.62	633.61	479.66	231.68
LHL20CK7	P	2.39	19.07	33.59	-35.03	68.62	633.61	479.66	231.68
LHL20CK9	P	2.39	19.07	33.59	-35.03	68.62	633.61	479.66	231.68
LHL20NPK4	P	2.39	19.07	33.59	-35.03	68.62	633.61	479.66	231.68
LHL20NPK5	P	2.39	19.07	33.59	-35.03	68.62	633.61	479.66	231.68
LHL20NPK6	P	2.39	19.07	33.59	-35.03	68.62	633.61	479.66	231.68
LHL20NPK7	P	2.39	19.07	33.59	-35.03	68.62	633.61	479.66	231.68
LHL20NPK8	P	2.39	19.07	33.59	-35.03	68.62	633.61	479.66	231.68
LHL20NPK9	P	2.39	19.07	33.59	-35.03	68.62	633.61	479.66	231.68
LHL20NPKM1	P	2.39	19.07	33.59	-35.03	68.62	633.61	479.66	231.68
LHL20NPKM2	P	2.39	19.07	33.59	-35.03	68.62	633.61	479.66	231.68
LHL20NPKM3	P	2.39	19.07	33.59	-35.03	68.62	633.61	479.66	231.68
LHL20NPKM4	P	2.39	19.07	33.59	-35.03	68.62	633.61	479.66	231.68
LHL20NPKM5	P	2.39	19.07	33.59	-35.03	68.62	633.61	479.66	231.68
LHL20NPKM6	P	2.39	19.07	33.59	-35.03	68.62	633.61	479.66	231.68
LHL20NPKM7	P	2.39	19.07	33.59	-35.03	68.62	633.61	479.66	231.68
LHL20NPKM8	P	2.39	19.07	33.59	-35.03	68.62	633.61	479.66	231.68
LHL20NPKM9	P	2.39	19.07	33.59	-35.03	68.62	633.61	479.66	231.68
